train/NLy71UrHElw 13 155
train/JTmzWWU7s1M 52 106
train/jXYZEb-56Wc 172 88
train/ar2vXJj_dQI 259 102
train/oDAY5PMwZgU 23 82
train/r_5RtkDwNsg 56 126
train/CWmC03KVuPU 340 137
train/n0HdUsT48p8 88 37
train/v4z4s8a7YqE 24 23
train/iD9JmUkGpOA 108 146
train/SN_IhH4PDPo 81 66
train/cK55Meyf3ss 258 94
train/WjjexIlQg6k 101 151
train/8TVl3Ui-WHg 52 26
train/LMoGwLqPM64 161 151
train/Ntzsfe0xzF8 47 101
train/633OkWbwLt4 135 151
train/X_GBesuwrAI 114 126
train/8M5mt7pfO2A 162 14
train/Cg6RAPmJDSM 261 135
train/PDele0Lq-iM 138 95
train/wEXFa9wRSn0 241 135
train/p0zXvzHhX5w 256 144
train/9OqJyxVCUiA 81 157
train/I3tfxWUIHts 293 111
train/ajnTL-7mr3o 118 78
train/1nQp_Yb8YW0 143 85
train/5bLHouFLlbY 105 12
train/cjWBEQC3n3Q 298 33
train/fXUkskdp8X0 34 83
train/xEal3npbaQs 260 178
train/0R9pdc9dO3Q 217 65
train/szjig3wmORM 78 166
train/lKBwkhmx8qI 85 58
train/JMqMKF2eVk0 162 64
train/_dJ6KwVqj1s 298 98
train/a4MRvyxGF5M 276 163
train/9KCy9ZKK2Nc 173 87
train/t-4MEjgRcLY 138 134
train/N5wOzlDvpVM 153 81
train/udV9bizPwiU 134 145
train/TY6fWUgkEKQ 127 163
train/SExfbacM9YY 255 160
train/nX8oPykt6fk 117 37
train/tJOoUC_rQyI 56 167
train/RnLcsM-QmuU 196 49
train/pcvs3Tp_BeU 163 111
train/Jjj8FN4r6Ms 24 82
train/TH23bzKmbdI 219 102
train/Xth6hlbZnAE 120 21
train/XZDC23QNF-4 75 151
train/0xybXrdeSTk 166 123
train/zHHSOKFzmYQ 43 47
train/CK_9Bn3DZdw 117 145
train/TS0dZccs0N0 169 138
train/ofRVyP4PAzg 245 55
train/huFjPGrq1Og 233 124
train/UHdNMPBx7VM 39 32
train/Ku03DOoMNYw 136 85
train/4ZYUVqe45zg 157 144
train/qd7onfkw1iU 163 123
train/HgkC8vNqmNQ 325 108
train/cUk96amBx44 165 80
train/ZiGEN2F_spc 202 145
train/7L4Wr9rzar4 170 147
train/nIvcPe-OL6s 266 41
train/mX2gDutWTKA 114 41
train/ZfPGAyll1-k 166 30
train/8-Qa7tPdyFQ 238 64
train/oCShiT5KDT8 24 68
train/QLWJ4N-5KJg 267 33
train/x3mP6poDdbY 149 124
train/sCwfcAEgvtw 124 19
train/THo2YiWuU1s 128 99
train/tK19K6aFIMM 276 149
train/eYZzsprO3bo 90 104
train/2zqpJb-3SyI 28 124
train/l_pp-1qu9Ig 163 105
train/BcJiXwaJjQQ 297 178
train/Wh0Z5_wqNto 118 135
train/SpPaRieydzo 320 145
train/IVjJIVvcawo 313 153
train/N1V_rruN5oc 164 172
train/dyhR-XYWa0A 107 38
train/IuLXpF0pkRc 137 95
train/W5W1XXdueT0 300 95
train/14bRmzauQFE 63 168
train/k6klYBJCjWI 111 33
train/c9ilKEcL69E 109 129
train/lyAWtyRTEe4 183 19
train/Tz1ccR4A_Pk 347 40
train/zRtZbAQMhjw 135 58
train/4CHtEuIGPPQ 100 172
train/PBZ09GEbYAE 118 163
train/piajlE3zwe4 56 20
train/uf0J76feCl0 101 170
train/a5cCXFeLUR8 111 176
train/ffC1az6Nl0I 197 71
train/QnMbDe-tG74 133 141
train/LaYT_7IUVEk 258 84
train/fNfFoxQm-cA 163 151
train/LmCuvsTshtE 70 15
train/nkuInJhaMnc 63 143
train/wWWmMQ1WII4 221 114
train/glMSNp9aAec 297 99
train/5ErPb9BLe7A 29 82
train/Gx0ON1f7J44 178 170
train/zKQM3_b8Q7Q 296 38
train/38YgOHxwoF8 193 60
train/sHyijcO2o3g 85 109
train/VOLL0u6QwUU 136 129
train/0oVDzAhR1dE 165 138
train/pvPFOLx9uXk 341 110
train/e22CuUfl6WY 242 60
train/hUTvqHNX6SI 228 72
train/XIEKGnGUv7I 168 104
train/zKwnGRiKvPU 53 60
train/rRiDl-aU6mw 157 137
train/JxxcrwkS70w 165 129
train/VIv9DrMZKEk 79 36
train/EJQJdYqbNQY 51 83
train/lKwvVZY8PRM 132 35
train/LcvtAU4Ey2w 168 13
train/Nz9bLFj__fM 306 36
train/Qn8BGGsDW8I 253 163
train/zVq6gQIgPzE 268 169
train/hBgahDObKGM 300 95
train/Eq3jZeo3jqI 111 154
train/KNSlBfwtkgE 143 104
train/eHpur6GLer4 67 37
train/7JAzoTzCvkE 298 31
train/c4sdaSQF4HM 171 129
train/DNaR6gR9Txc 285 92
train/e9DT2uKJkHU 160 102
train/L5zAUY75adU 37 158
train/h-z_-6KeJVM 66 23
train/i-jzfJkCGzA 259 84
train/wYXFlOTvieI 224 149
train/5bjExCVDvBI 57 129
train/dyiF2sbtqgg 109 119
train/3r7Vcs3z4pI 59 112
train/wLfLFZq4OLg 136 62
train/NoohBOpi6ow 41 12
train/BtBMa1hT7oI 292 141
train/TST-Y_P_auw 256 170
train/uuXigStwJUM 314 159
train/crqL5clEv0I 168 151
train/uJZPlX5MHlI 55 100
train/AJitwtxoPig 113 41
train/0yWx7c5zkB8 37 24
train/5bzDak3OmsE 56 27
train/hF6Rk5b3y00 163 147
train/SeOyYK-sW2E 240 113
train/QEjTNvMZet0 120 91
train/t_wFv2aQlGQ 98 106
train/5_-8QHzXU94 67 2
train/nUEAE2Yp0LQ 278 60
train/ubRsfnqiORg 81 0
train/dvHiIfntqRA 116 151
train/liHUSvN3xT8 333 110
train/qbkxVEUxXB0 101 153
train/JcvfuLcwdsw 532 76
train/cy77XxQ5D7A 69 25
train/IDQwjVDWwVI 407 89
train/aSItLD6IU0Q 156 106
train/M8C-ZMaZxvU 269 102
train/_GqSqLtMX20 122 30
train/HmaZw8PWKhY 56 130
train/SqoBwNrFzWc 67 115
train/lEz6XEBywiQ 339 19
train/JR2aaVDrJ-Q 149 19
train/mFsYjGF70Y8 109 166
train/doh-kACk-HE 51 90
train/WGXVRnfFsnk 135 73
train/vLeBbB_bN_U 281 41
train/7-n7wAlW4KU 144 91
train/817f5DfYijY 114 114
train/5ii6_a8_h-c 189 163
train/7RwXC8XyR3M 30 98
train/KW3Kaq60-Lw 287 139
train/Xy-SiiA3VNY 126 120
train/KoXHwJjq2X4 53 151
train/LtENLo5vY-k 138 94
train/yaVmqSlFYoQ 47 169
train/NY95x-2-19M 198 32
train/8LH6kNrqvAg 315 159
train/jGAX3a7qBKE 400 64
train/Bu6lkCzamfQ 257 78
train/GAh9lQmaEvI 149 107
train/Pw1RNJ2xAXw 164 148
train/aTF8X6NK9nc 41 34
train/vM5iE7GPUS8 241 95
train/Gc6MDFINys4 109 114
train/8c-eU4zDzN4 26 53
train/Vp3CO9_vKOI 170 73
train/mz0CrjXWo1Y 49 63
train/Qr-KBk_5Pys 193 98
train/Q-gctT1W2ss 192 166
train/rXrVqhdt-9g 93 32
train/55N_FfVbiYA 117 42
train/3XVazimL47I 161 85
train/0Lyg-eVSoAM 258 84
train/7U6GGGRJPs4 104 48
train/NcCnbsultaI 166 31
train/jMiq_lSfGQk 240 41
train/Mk9lciiwkqQ 160 17
train/sm2JO4v20tI 175 52
train/WB8I4HZArXU 386 76
train/z5trcVcik0A 58 54
train/H5y3QV179Do 156 123
train/HrPozvZuCfo 199 114
train/nW46FnVJSuU 124 125
train/MtB0wBkwHWQ 142 68
train/JaLZIAYOZu0 214 0
train/OU--jEmTQLU 284 170
train/ssVyZ_uOmpQ 164 67
train/JJOXbrm07DU 127 115
train/GOH7UY0AsDQ 259 73
train/w2_Nzl0eZjc 348 93
train/R3mwz7TmpDg 127 156
train/uCFGae94FEQ 162 94
train/DA3-AKE045Y 227 39
train/YtT1lNNa2Hc 257 29
train/PMvaOpQuCwY 46 162
train/KFksbO7-XoI 161 98
train/1_UBfkLCbu0 197 55
train/Ut-iuaWr374 169 85
train/rt3SzABuQLs 229 64
train/0rjV6GiJelQ 72 143
train/uavCHN_k0Lk 65 129
train/w2fp5lp4OFk 130 77
train/QYBdNoatWbc 113 54
train/0mEbl8CwRUI 183 165
train/ULqvEGBshI8 213 104
train/NTCkp9PYZgc 260 153
train/DAzqnAlEoW4 212 110
train/J2KkDFXEEJ4 62 64
train/oMVPVS4ypYI 133 39
train/9RhoGtRWE4g 25 53
train/oUMeeLODEY8 26 25
train/Z1GT5yFZ3Dc 341 121
train/6jtW0hPAnD0 259 165
train/hL9QMrKRAfY 138 143
train/fwkZKkfDYG8 105 85
train/VZbuSLEHaD8 244 141
train/OA0wypsY5Xs 152 60
train/xIO7_iDjDBs 317 35
train/IUEH3lf-quU 206 177
train/Pjftlp7-c0I 288 2
train/t8YWYyUUmfM 171 169
train/bCTFRtP_hsE 163 127
train/4aWaHZZMtr4 127 149
train/bA3S2JmfxWk 265 44
train/zMkDwx4HZu8 143 41
train/d0Fz9Qu02Pc 255 44
train/5-_i88r98XA 61 94
train/kKnNlUwGmeM 58 115
train/I6D6eaL6SOc 221 22
train/Sm35_yCU4ks 134 70
train/Li-cOP8J-g8 131 24
train/YM__DWPxxXk 162 119
train/KtLp_DrHUDo 395 100
train/KCJmH2lSYfA 154 83
train/zTusZcN2nHg 93 19
train/pw89Ed5AdLo 52 65
train/I4y3-gIG5qk 43 15
train/bCBXzFXp4xw 70 150
train/1y2geWcqvw8 149 43
train/LebQFI7RSDc 228 149
train/AYOxcIed5HE 406 136
train/gcOsYzRUeE0 95 86
train/ZPbSLAW6rY8 167 59
train/aGrnF98pSv4 122 27
train/Aao-7h3-Ueo 55 161
train/2LQSEDNvbFU 90 38
train/3L502jDHMfI 42 148
train/qunNmxG_tVw 324 137
train/ndqMyI8mxnA 209 119
train/V9tkptY0y3s 216 94
train/QLJlDrct25I 139 140
train/dTEkRjB4qbg 136 115
train/uCQuDrIj3QA 320 22
train/DdY5QJbLI9U 134 147
train/pGkg8sFpBqI 75 168
train/wtEQ0vsNaFo 267 41
train/DbVhzmLVtdQ 150 60
train/P38G0BiFLrs 141 62
train/PBR6B8CCUDI 111 30
train/9ZeVS3UmDOw 92 26
train/VMeuA5a5aoQ 120 149
train/gd9I_A46R0Q 114 130
train/gSEhsITjvnY 77 63
train/Tuoiri6tLMs 157 172
train/dMMonSQAKxI 137 55
train/Tc3q2dGa4lI 67 162
train/459aGGQlvmc 86 96
train/FGGEJaRuR8I 79 22
train/nje-Fv6le6Q 166 84
train/ZrHWIj4Vtms 409 161
train/5H7rd1v7Yrk 109 119
train/kBzqINGJv28 433 74
train/7HAKo9I_GIw 21 171
train/B9hdVJVxT2w 60 130
train/zoNd5jugaVY 167 42
train/VS4IdFamao4 157 72
train/cuzAFlTCrkE 170 104
train/pESV6xLJNkA 177 42
train/TAYvx0od5wg 52 57
train/cwLpF3FxZdA 57 140
train/cEYowE_xYAA 215 152
train/Bq-J5WHOnbI 54 36
train/4tyISpv1wXg 259 122
train/ZGBnn-rZOng 607 49
train/ln89tFgHSZc 277 51
train/Gk7ZkzcO7ts 89 128
train/kWBqCcRrsQA 195 119
train/bCayAWzEqns 258 140
train/2JZ2o8fK18g 54 149
train/u9lVJKs9Moc 32 37
train/rsgwlgtFQpM 271 119
train/DidP2c8UbvU 214 78
train/mX8e0cUBpaI 115 174
train/8SWBWxqXulE 10 48
train/A05BVLYfgMM 197 95
train/X_v9YiAoSQ0 202 50
train/t3fElEDC-74 163 94
train/tZ7aXDhKHPc 52 37
train/OUrpmy8Oa_I 50 130
train/BoMqI5t6Oos 23 4
train/mNwAm62udzk 157 21
train/NO_W38CRQf8 211 151
train/oc4D3_KxKyU 319 57
train/zlxGJFxlJ4k 55 116
train/KxX40QIS1U4 170 64
train/5nHBRoMfdbU 164 121
train/bAZCIHgN0Es 91 121
train/w14TFAeelTM 136 139
train/LiOVkI_j1wY 69 145
train/U2-u7ltVmxw 169 87
train/Q1ZOstti8Tg 203 17
train/Uj_JzLCYY2Y 225 123
train/L4U1kyi90gE 102 135
train/8_-nQFpNAl4 142 58
train/ghcEsb5C6-A 256 108
train/wOmIYNIeaSY 148 132
train/O8DmdIkKJHU 281 67
train/LHRxEQ3cGtU 57 130
train/5PIPcvLnZjw 87 20
train/vS3kGzgUZmY 74 129
train/UEPViPYjCLg 281 24
train/34h20LTZBfw 132 145
train/mqodLPEkhtE 343 126
train/3Xh3SiKTal4 41 30
train/z2ypKpzJfP0 361 44
train/eD6NEcqcCyc 221 78
train/JyuFEroKnno 53 96
train/fP8zX6UKsRA 26 90
train/u_A6r3t9EuM 151 14
train/wzjo6y_wlVA 168 143
train/S-GYPJA2cf0 77 30
train/Q_UIpMMSiKg 153 13
train/Sp8Xzh9LIzk 84 140
train/Vad5fSN39nE 161 115
train/oW5j2Nol7RY 55 59
train/Jf9EEOElVTM 70 77
train/7GG0r3QgBB4 170 23
train/shuDT4KGZX0 202 158
train/9opMxKuitKo 119 82
train/iO22bh67MqU 77 121
train/3AeiJIuNQJY 249 121
train/LvjNEeuwZGU 237 164
train/d6CzvUp1TJk 392 119
train/NABOvAfC03g 79 170
train/j9FOjM31Yn4 120 170
train/LyRVxDj8u5s 30 12
train/eqrBSeOqIHY 85 115
train/lWbvczAZVHg 260 110
train/u5jaZGLTPSA 163 85
train/65PS5mJKsQo 67 5
train/D-poqkkOMU4 161 28
train/jpVlknrBEx4 310 152
train/QKET4T2CIzU 149 105
train/ZfLbU80VEIA 41 37
train/mZJws61FSXg 255 83
train/So3EfVyUP64 115 165
train/OFLy91d64SE 46 37
train/t1lgG5aw2mQ 163 17
train/6OK88K1XHYE 161 167
train/DabAXAUZtiQ 161 2
train/sFTONhrnMm8 109 157
train/NpKBAtQ5M6I 209 16
train/Ay8Yme41CRY 254 42
train/xDuekZLTmWc 347 37
train/cbxBpD6nu_Y 213 126
train/ksyjeLlIN6c 161 95
train/GbIyKKHYEJo 99 16
train/_NaAhN_WmOI 65 26
train/b27Ya0szHGU 129 111
train/2FOqgmv9LTs 142 161
train/Q8mF1Pn9Me0 114 149
train/zTX2dXJekx0 64 8
train/WAsXUOV7hwE 67 20
train/FKey-gEGoik 179 44
train/kdgTkc9zOcg 233 64
train/EAcQRVZz8GY 55 166
train/ACX3LFym4tc 139 124
train/Tpp4h0ppOxs 141 71
train/AnQlR8kdTfY 297 108
train/Nj3pH7Z-vBg 190 111
train/JsZoKrxJbjs 293 139
train/eJ1SRuxBjn8 281 19
train/EvWVQFHWw0Y 106 144
train/13CpUdICRuI 239 5
train/txtBLUj8ap4 29 142
train/YFAvhKizIvc 201 121
train/1d3yw2533xk 48 120
train/vz7G9BH_43c 93 57
train/S2phpGeB3GQ 334 110
train/pNcQf-aDNP0 119 3
train/ryA27HPvycw 311 172
train/olmPsVTUvIY 155 65
train/QGzrtgTrwiQ 296 156
train/484CxBBTdXo 262 167
train/bUurZeDX7UU 153 153
train/1zdu8qYoBBQ 194 16
train/dFBaWzad9D0 223 104
train/Deov8hMyUrw 103 112
train/zwqw-i0kQhQ 36 159
train/Pqp1ewgLMIQ 176 1
train/a1zJIztakHY 173 100
train/N5aKY-yrVcg 54 46
train/LTqG8-OhElY 272 120
train/CEPMQ4wybgI 61 49
train/58IB3NKwD2U 95 45
train/ZZjXZDRdRD0 224 103
train/lcB3-CQ5gVY 398 48
train/GZx7mCpnr9M 281 75
train/u4E2cAhGdBA 90 169
train/uLaGVlJJMuA 237 144
train/rIO8tHbdr00 123 148
train/W8_Di3yaqDo 152 147
train/GP_iovcLbzk 236 95
train/86IkdwnO8mg 176 64
train/Psz7aeePHpc 175 117
train/u6E496nnC-w 288 89
train/23PUpu2n0bk 184 91
train/Sw-a6UgwBhM 60 70
train/g5KaCHOe1IM 63 27
train/e1boXSEcj_E 154 70
train/yznPu6MlW5I 300 165
train/L-lvGFOsRX0 41 127
train/R4wXbw-pEWo 173 112
train/Fh65EFwCZyM 46 44
train/m9cGum8F2ks 639 76
train/8uR4K4FiqoQ 360 99
train/4jf1NsFO7oY 264 103
train/ifBjbjIm_EM 167 152
train/mb2_rqkenPE 66 32
train/3STk-HcfHjQ 53 137
train/_kJFL9Kfwpk 7 158
train/IlHxBUs5TOk 37 53
train/sZanCYqqkBI 363 139
train/IOhDL4EVWIc 129 92
train/6P994ZVoAUA 101 68
train/EGDgCulxKGs 346 48
train/fhX7HcFx3c0 320 170
train/EFITQYoEa0Q 72 130
train/i4FV3YpH7h4 59 147
train/HejVhsJIQcg 153 68
train/GehJSd2QX3k 323 33
train/CcQ8DSGQp3w 155 143
train/KQ0STd775ww 122 29
train/YX_b02KYN9g 108 116
train/a3rL-f9zYjc 166 8
train/m7EI00ndkrY 132 4
train/OUdgMe8K_rc 227 8
train/pNaxkdMB9kQ 87 125
train/2_EQFjUexI8 111 58
train/b7KQUq87FkM 381 22
train/YDZ1P5sQZ4k 69 71
train/2PKOhCXbUEs 191 49
train/DNLg8lMlERg 295 152
train/ZBxzZP2mLW8 84 135
train/VATTWbtJ8xc 266 73
train/zgSAF7B7_vU 29 179
train/16sUS8RiF9Q 67 159
train/x4Me_a81xUI 44 99
train/r9PC83K1ZUY 133 81
train/bdcW9M3vYBo 211 87
train/g7Twg8XXyz8 25 167
train/NFi8gLjRT8Q 208 100
train/h1-otENUnII 210 14
train/GihXIh9KORg 232 44
train/nCYg3_StBDQ 197 7
train/5UYfouUWcLg 393 6
train/TA5J-5TG3U0 307 141
train/EtoQkgkYLEo 293 126
train/7yOH6IlMM0E 52 131
train/YP9x3T0BRUE 259 87
train/iEqqxb2bfzM 165 176
train/WHoNJ-S3s4Y 325 72
train/WVF9VG34KmQ 51 54
train/J4k5LnFtcIM 164 57
train/q0CCyll5SJs 91 47
train/RDT0bS-DDq8 296 116
train/3DgpV2GIWeo 109 149
train/w1POwawaO90 109 144
train/ZO3nmWC9_Ww 208 77
train/5T_9P_lLb14 17 165
train/LgCRN4O4udU 161 63
train/YAL6H5SgNAs 93 119
train/-na1ykjeWR4 172 120
train/ozrd9Zxc8x4 29 83
train/8P3GD2Cegcg 273 98
train/lNP-NYWsCyA 312 102
train/XXfdPPgTs4A 55 172
train/4q7uW0w3ZRc 40 158
train/JHcpS78YYj0 172 140
train/PAktcofve00 126 73
train/irYsVInEBCc 24 170
train/HoafmaKDZN0 66 145
train/cgZpMmA-D8Q 197 113
train/SsC8vP4Xi0w 174 105
train/GZiTBMbg0XU 89 30
train/oc4CjBsEf-I 56 83
train/foVxacJCVHM 128 1
train/Mb3ZzBNYj5Q 77 148
train/fEpoLAajuck 41 175
train/4Pq4DShvEmw 313 99
train/9Wi3bWetX2E 620 96
train/mwcSCJ52LvY 174 90
train/cFvJaX3skwk 162 134
train/ILAhxwbedlk 109 39
train/7ovIY3DbYxE 53 163
train/6bgLZnwL0VQ 336 35
train/76OVFFpVA5E 162 87
train/9gf0nZn-Uro 89 42
train/MieKJa5YJd4 244 10
train/NuYURXdqpBU 134 130
train/wFcixiRD8C8 283 60
train/NeBRBSzdyUg 238 99
train/7yVOKB6a2iE 51 130
train/xvN2JurVgpA 122 70
train/oqzgyydZijA 174 50
train/X1cTSQufWls 89 42
train/BzXZUvNy4-0 187 104
train/xqaWblWfRM0 228 84
train/Hdc7RJV4_5o 174 36
train/qARm_c77mlU 48 83
train/ci3maurDGcE 327 119
train/egN4Fefi1uw 146 67
train/HlyTU_zu3eE 33 166
train/CtVhc09PXt8 274 91
train/Yr6dMxPRjtg 162 1
train/_djeD5EEnOc 27 131
train/2cKido9KpHU 234 71
train/3NP6wlVzOaM 91 52
train/M3DQsXdYSDU 301 80
train/FkKurulDU_A 170 52
train/n1ifOFfVeJY 241 130
train/R7aIvqDbuYg 318 152
train/CnWj9BbM2LE 183 33
train/GSAqcW6zLVY 41 65
train/A6G6weok8NA 121 160
train/ma1dno-89k0 64 52
train/zgOEnC-KLXo 234 24
train/NfHYdf_IpKY 81 169
train/cPJl1xQnR_Q 185 140
train/NgxrnP8Rm0U 80 72
train/wZ-qs2G96xw 89 59
train/tbCJBTwVW7w 135 141
train/FXGnaTRhuUg 102 94
train/P4dokkio4KQ 296 111
train/lLffGivbY-Y 144 153
train/G8XJlr6BupU 80 1
train/M290W9mOImA 338 133
train/s9r2rH8Qhr4 52 172
train/oN4EGSvs7I8 366 85
train/MVWuhhtvgnM 16 23
train/B5fFXbyMkVs 60 162
train/mIfU9UBA3Ko 161 128
train/NhcOPtLLcR0 275 102
train/YgBIIFKONo8 181 21
train/rkonq5YVvwM 312 159
train/sxmFfXMAt2k 105 78
train/yzQJs71JXyQ 43 0
train/mOXLGxv579k 258 84
train/L9tmlw4P_4w 60 37
train/ncY1PEgSbI0 166 29
train/4CbmjoALcd8 286 168
train/c1k5eg-cwh8 158 127
train/tn_ZwYIfs-w 427 76
train/em-Q2WCR73s 290 14
train/4QBVvyXtHzg 268 141
train/LO4_JIl7GOw 76 72
train/nD40LSWAFkU 215 47
train/iD0QvQyhGSA 41 56
train/W1LKE9uSV9k 87 38
train/Lkzanaj5JTU 139 119
train/wi5vwcf2xJ8 111 89
train/a8Op4W6P9pE 53 105
train/UfhsBR8hiGA 164 81
train/PlTWhkpHm_Y 55 4
train/RItEzaT0bss 44 179
train/cKUaXstNVgk 103 102
train/LjjyZaMWdhw 262 49
train/jZgi8GCn9GM 164 84
train/j_XEHjExzwU 317 134
train/z0pfqey12m0 254 109
train/RNquB7Klv30 109 83
train/6RqgOapJEUI 93 132
train/MKQomFH3H2M 235 173
train/aWrUTShe3fY 196 102
train/ZqJ0-IxFiTQ 123 47
train/gH4uksn7tQM 104 101
train/U7Hv602KAxM 136 121
train/1eUhHa9wzJQ 86 71
train/Yf7ZNwxqmKk 44 142
train/einGTLfVxOE 28 4
train/G7MWM7m62v0 147 78
train/U10l9KEc7wk 54 54
train/zB3fCk263LQ 182 75
train/8QZg_QWihhs 240 87
train/UBc5N_-xdqo 87 157
train/rPTLcEBI5Fc 150 8
train/vj8vTp7qGss 97 5
train/f9fPIJ2iLKY 339 33
train/g_u7EI8gwrk 164 141
train/bFyvbxuXL0g 96 39
train/L9XGb-0SiMM 60 123
train/ZIoU_6pUoi4 279 148
train/oM-yjvraxf8 73 68
train/I1P5GuVHFQA 167 80
train/fBXaoWeAsQ4 85 28
train/v1MHYHCeDV0 282 134
train/uWuJauv0KnM 172 127
train/38GqqShQbZQ 110 169
train/cC5etUINy88 177 105
train/sVxHhlS0mWw 156 93
train/Sereo2evK6E 179 91
train/Qq90KE1Zl6Q 121 74
train/76HTCZmJb7I 135 78
train/dFm6ptNH6GU 108 122
train/frv5JAwsfPA 29 147
train/cKVO3tDdFFQ 62 9
train/2cUYHMRSgy8 109 139
train/jRFKsnyidjA 214 77
train/bxgPF6d6Ht4 52 0
train/SgKsi4cW3nw 53 20
train/rqSzacjHvJA 86 54
train/MnyoHpbISYc 17 53
train/Zsvw0fGSiyM 135 81
train/XE4uMWE1emU 253 118
train/ubdaMQW9q1g 81 168
train/TmxyvxlfQGE 155 26
train/t7FW9r6hars 59 19
train/11oqnQtnRQo 164 55
train/kfi_XGII_p4 255 83
train/jL7os_o1bXY 67 129
train/eOXNbBslf9k 371 163
train/RTbqOs0-A3Q 321 43
train/d9huQyVSsPI 60 46
train/AkrROpBcsCk 121 129
train/0SPkU9sTZek 148 79
train/bhUCEDbAHi0 331 169
train/MthRCWf4TV8 165 77
train/qeY7cTfSdzY 75 170
train/BhrXY0Ui6QE 221 49
train/DQo5PYhENyc 45 23
train/OVKtzlvQi2s 44 144
train/kgJQDOukZzU 314 77
train/tbj108zAZPc 122 128
train/ey402cxltus 127 151
train/kNswNkw5lNk 88 143
train/5UhVvvbadus 111 144
train/t4pKPLUbO_w 209 115
train/ym6jGwBXR8o 79 63
train/8Q1GOiTxUXg 323 116
train/6yGjKPCu4EQ 195 21
train/JFhEnMN6Uh0 134 106
train/KZvAR_-vLJA 164 40
train/Olz5mwADItY 81 151
train/RC-ZugFxhlY 353 49
train/9nTB9XDVbW8 101 67
train/ppaJZjaCHz4 260 77
train/wlO7ay8i88U 252 88
train/QqxOuZ5MM_U 89 60
train/L8ESwTg09Ck 277 101
train/I-03Qo3g30I 123 42
train/PzvvNmuzEmY 161 23
train/t7fHyMXWw9o 262 99
train/IeZ7U08I65Q 95 149
train/j-6d4siO9KA 280 108
train/vX_enUO5K0Q 53 26
train/vZ58uj6RwSQ 42 177
train/HtlMaLTlHc4 150 110
train/Iuv0gqvLccI 161 76
train/xh1AlY9L35I 156 154
train/RRdFEXM5Jmg 235 40
train/43wQI7g8RVk 59 42
train/zJnrRV00IEk 303 15
train/sQF3FV1yTT0 50 68
train/rL1KxXvwzL4 148 117
train/R07domAX6C8 269 100
train/wcpS4-D4UMQ 222 66
train/5l-XHcyCHF4 151 29
train/UrxSlqSVLW0 123 107
train/uAaalWAUOZI 32 68
train/hrOTxUp9SBc 177 127
train/Q9ecZm1VIOo 166 7
train/u-KDRmOYSb0 273 140
train/hbfQ7k7Z3aA 192 87
train/udjyHg2_flE 110 30
train/PWI4bbTPAIQ 150 158
train/NUPmU6whcag 61 44
train/3RPM27AeBOg 212 157
train/wIiYez21CSE 62 35
train/L89TXeVTXRc 237 126
train/r4VjP5PX1I8 138 177
train/j9DTmESkgto 293 108
train/iXc6VC0myEo 284 34
train/vEPjeVW6rN8 115 20
train/Xj1xxgZCmds 163 79
train/0QMECx5Tws8 167 118
train/lwPGTPjlxNo 43 129
train/Nev6EhVPzbw 171 25
train/rJKPSTjx1ow 67 121
train/jT75QMjRkD0 148 135
train/YW0xFSM9ko4 52 176
train/L50Azbh34sk 203 81
train/CI-dnuK8-Rc 122 0
train/DMGFoEdCcRk 212 135
train/7J5E2xSoKg8 175 127
train/sIhSy28z3-I 213 87
train/0tThUiCiT-8 79 95
train/BlJHY0jApi0 89 47
train/x_FaiGncAVs 278 1
train/lcAL72SJCJ8 169 11
train/tbpMZPw17o0 151 19
train/oKlnv8sQEyY 149 99
train/v7UhOHgKRis 204 177
train/D9E5ETR9e4Y 161 58
train/45kvj5E7sA4 113 3
train/qngZudEhVzE 117 107
train/mi4zoymJ3JE 60 66
train/C9w4V0cd7_w 101 58
train/HQs3l34setw 14 53
train/3Ce8DZKJ2xg 192 52
train/oUnlGSGP7VM 302 149
train/mJKQMbffcEs 125 7
train/1sffYOXq4Iw 267 141
train/ec_OUwoF_ns 50 151
train/4VE2_O3pRg4 60 68
train/7gL4lYzucqg 149 113
train/OrfWQnvCnTk 319 148
train/NJNXcpBTSbA 268 27
train/UoOiwyFOn_E 236 134
train/YrEqz8QZBLg 51 170
train/6DZJk5FYJOI 298 40
train/KkddkRK7SFg 102 81
train/tTZNkncr5V4 109 2
train/FKUPXwvRjec 244 165
train/rmrSMl_grGE 33 167
train/4hSvX1OMYUQ 121 79
train/mEvFrR3o8BI 141 175
train/ajRdpDWHl4Y 89 19
train/KIhaY-kpRZc 80 129
train/ebZyUn8xP1Y 59 169
train/3cb1NrXXKRQ 112 8
train/Ik1uhBT4VlQ 168 29
train/FEof_a94l9c 307 99
train/V8QHKqamgFw 53 35
train/xES_iuFYa7k 55 65
train/DbTTRH-iJfk 152 143
train/wDgmgy-31lk 126 41
train/i6DHD6IRHhM 181 122
train/DMuIUqts-qE 182 119
train/Hz-ZCHp41aU 312 22
train/t3SCtntCemU 229 140
train/u4okhX3UyNs 104 11
train/cH_ymnmarRU 98 140
train/noq2I5Sew9A 198 130
train/WOAzFxMGHYY 253 173
train/jHwb6FOiF9Y 188 152
train/WYENRXA9eZo 51 83
train/QzIT9A8Dcaw 91 42
train/SnyYQ8yOyt8 231 85
train/VGk2elLGNPs 185 61
train/CSGi2mBh0Os 41 73
train/h3ZSwP3qjUo 80 12
train/QjpcJRUopu0 311 140
train/ZJBz-ShP0tU 163 119
train/LLW9JfCfpEE 26 136
train/RvsZmTcJkjk 281 147
train/zTBUsnGoSuU 46 29
train/bF02mkPk4x0 230 109
train/BvK7lGichF8 155 123
train/jE5YiNtBAeY 378 108
train/IzO0bqSz3cA 197 132
train/U4j0LewYwuQ 163 122
train/Q-y3yAXn5sY 162 64
train/VZvzYrrqs-Q 196 75
train/9JQLHkGfN14 157 88
train/CcwpI3Zg7H0 109 8
train/URuw46XYOQw 121 161
train/x-OL-ZeQVyU 159 48
train/P8XrGcVnWig 214 165
train/c04JYq5cA6c 312 41
train/8xawALD-cB4 38 26
train/iE_VsgYV8-4 144 82
train/gUdFCTy1kC8 144 117
train/oVnLHgIXEO8 83 68
train/9Ssb6673udI 257 152
train/1g-LyhUVlKE 188 90
train/e6SHKDlGNvk 115 6
train/SX7KUbzmwTc 235 44
train/PO9iNQV-hYE 292 111
train/NIgYR4F5PfU 88 48
train/K3Srmwe9264 172 123
train/yFQweaI-xMk 68 162
train/Plp_eb6WGm0 251 98
train/EDL0gMCqz7g 154 54
train/5l9RsK7F3rU 230 111
train/AKBeJHYIUNk 105 147
train/SId5j9zcMZA 227 93
train/gwNuA7ebZs4 166 16
train/1Ittm25SnyY 75 53
train/Y1uicFCOXEg 275 74
train/b80QC3nm9GQ 152 85
train/c7Q1s7ppSwc 155 7
train/1jFmgDyJv2k 322 108
train/4TBfqncvM9U 172 72
train/GmT5ms9r9Cc 165 111
train/8OW46GVtRwM 131 35
train/zXmg7nvytxU 60 47
train/-4IHddE4D5w 117 41
train/XMXsVSchsWc 42 146
train/yQe-FdDhih8 235 88
train/UML9pfjeRzs 298 92
train/FtM5vjqySyk 85 54
train/axh3NRZvoyc 160 135
train/allsC0dcZVM 42 136
train/uc9h1hXOPGQ 200 48
train/i5PEpLwphE0 288 126
train/BOkuVqIbCRA 52 172
train/ql1XK3pFXHU 139 117
train/ynrG5BnB5Dg 247 41
train/TqvlZRj_D90 61 166
train/WhTqpRPEmNI 57 5
train/gajb4bOu4Rs 68 4
train/6X1tVNiBMYs 119 143
train/wwkG6mZI9ik 51 51
train/ROGBQhc9tCs 97 65
train/EH4-hs65a7M 247 58
train/p12q79Hr1YY 60 179
train/XrZKnNeIhCc 34 162
train/qy1rpOwv-s4 257 136
train/AWgy8p1AJm0 53 58
train/mysHiP3-PHg 152 70
train/Zs6q2nLqNUs 319 91
train/Q8Es8SIGe00 117 124
train/faWZmG0fXy8 298 21
train/jUrQ52IvqsY 317 32
train/iB677z2g-1A 24 63
train/orZ_iN4TluQ 172 9
train/fOzOUnEoJiY 55 163
train/ZjEBHiDa1HM 55 88
train/z0pemXolcfc 75 35
train/KFM3RZNl3Bw 301 168
train/TA1zRnov49A 124 120
train/ii_yOWRca8A 34 96
train/WqMX17vnGjw 265 5
train/x7NqUCRgBUk 160 87
train/gGkv8oObgLk 60 68
train/jetCqIkjkpU 57 174
train/dGsgT2uC668 271 10
train/MDCGZLk9_Fw 297 148
train/tmlgPQddQDY 65 171
train/pu2NoDtvh2E 318 60
train/fRB5TBkh3Uw 135 149
train/2EtLMEZex70 390 84
train/53LXOOFiEtc 44 1
train/mI5h4Kp17Dk 165 129
train/vfHl6arPhf0 235 155
train/Xj2StbTY2m8 189 139
train/S8mrxQowLec 135 142
train/VFpI1L1e79A 189 59
train/mjYPsYfwqHk 204 22
train/BVCGWppMtxA 56 55
train/0QJTgmNpiVs 162 15
train/WtvH9NOvXD8 124 121
train/SSfrCLjs_7U 153 163
train/BKexiUqJp3o 121 136
train/msWkRdpx37w 84 148
train/WKyuv5ap9Co 66 165
train/Ux_DqwKxp7s 34 121
train/DvuAOscKjpw 361 54
train/O3LktINAWzs 255 9
train/Y-meg95lHCw 296 95
train/2npoZ7SdAHw 67 83
train/oP77DgsbhKQ 360 100
train/pNLWKstV21s 81 68
train/27wpfXQM-_M 246 152
train/8gOWIAh6wE4 256 20
train/Q6ULyip3otQ 109 47
train/zGBv3K-R8xI 105 63
train/SQKDiupMIGU 162 2
train/NDkpglWpeLc 373 99
train/49PZ7sIVljM 127 165
train/N9iWcL7LpwE 241 85
train/2_66OD4TuEQ 115 69
train/CZsZRPFOzAg 300 88
train/TLEXC7YIv_w 89 82
train/wnyLaDMn9EI 109 124
train/KT_8ww8TC9Y 96 111
train/4fBsaVeUCow 169 106
train/0-Wi5m_mEC0 120 164
train/ZNxckGkSKnQ 167 54
train/eDCwcI2dpkM 85 175
train/ZY-Hwq7YGYw 144 128
train/2mEQKx17Oag 289 93
train/jDPRP8g2Qho 165 136
train/P6uD-XaDevc 113 129
train/HULRq_cygHw 324 177
train/ifjH1v6kI8I 187 88
train/m2V6SyaZkew 94 63
train/mRT0Va0BQH8 46 11
train/4wy5UjhiEW4 352 3
train/y-drlyDrxGA 159 123
train/KU_kaTJbKhc 191 34
train/kTSjxCLQcuI 163 22
train/IHJUiItHbxo 22 171
train/QI9ObXoESEo 23 101
train/fsajLED_tjM 157 25
train/h3CPG7h2f2Q 71 66
train/bCZpW-H3T0A 243 167
train/ne8ANyoZlrQ 56 46
train/uuZmrg15M-Y 115 54
train/83mnRjqMhBA 169 35
train/eJqFTY571Rc 81 47
train/pgO-h7KKUIY 179 163
train/gdaSKd6HJLY 229 178
train/VMFu3vr8jUg 202 1
train/wE6PmazN7-I 161 21
train/0MlsPlvYSvk 148 87
train/Vyva8-T2kFI 79 53
train/fur91R_ApZ0 56 87
train/YXaOTtWdDrU 282 146
train/kE3Uuhylur0 301 35
train/eBt8gOWTy3M 325 73
train/i_ZC6lqgxiU 198 29
train/0SUbpgBzZoQ 65 147
train/M6msyZtTL0E 59 128
train/fJPGC7PXkDo 107 128
train/oaesjpv7KvA 166 178
train/MokSvReOT8g 135 111
train/EFQC2MjMKns 51 42
train/kyGKxlIQHrw 54 60
train/TPMsq4Z8Dao 360 154
train/0yRouO6ZDZs 123 141
train/EiT_WKOrf_8 109 26
train/VBIX9uFqcUg 165 78
train/lswE5ubw9G4 225 96
train/M047HWERg74 280 156
train/-H6mDMU9uWs 240 117
train/knXb4WsUhh0 284 66
train/0uYzM9cwNas 133 85
train/dr8nX-Wz1Hs 192 69
train/uPK7aUOvJyE 120 104
train/4yIjDmItHyI 203 95
train/VRHYMpWHm80 267 99
train/9VdIEN7D1zc 465 79
train/xXCOCe4oOh4 313 115
train/3A2a-92_GlY 259 40
train/0nx-6_EaADA 152 7
train/Fsjyh_WbuO4 37 166
train/oHUO7bgO4qg 194 34
train/xaT4wdwnTtQ 136 16
train/9DprVa2rPIk 166 57
train/hz-q9z0c8D8 90 10
train/t4zqtc3rMn4 63 28
train/kS2FVp4chjU 234 57
train/ri_fMjmdMbQ 165 136
train/VRid2IyacC8 66 52
train/yTpgGkiKmC0 167 121
train/bcy9heYFPtU 290 134
train/6XWJdB30n3Y 224 172
train/KIKeNgjhV6E 34 53
train/ssYFbAR_874 156 95
train/JMFO7Sb5dRA 109 44
train/iow_bWM3LLo 92 32
train/nEvpvV7gAYg 49 159
train/4ufBW5Cfpgw 248 41
train/e4acnwBoOAc 117 124
train/T4mF7msfnss 134 129
train/UCgkFO-TZis 96 45
train/DpBfdHp2rAo 37 24
train/RTpWbcTvEPM 52 144
train/2jNFCMVe-B8 59 124
train/vYyfNz0ppCM 228 92
train/Gx0R10eAsA0 75 66
train/BebrcW-A5YI 123 113
train/fMN22KFQbtM 326 128
train/Vfkj4EzYQuE 144 78
train/FifqbwtzMko 191 141
train/05rvztDfHlk 178 78
train/qttWtrCQ6sU 164 173
train/77ul-cL1FwA 115 154
train/1JPSh3ZQPsQ 279 149
train/YMO2xhM6z3Q 196 16
train/QcFg-h2weIU 51 54
train/zOUVSXdPZFw 274 133
train/KQdnN-72jQo 181 14
train/Zk07nWdGAFA 164 119
train/wmrvlxRIVM8 244 173
train/Fy042phZLRg 99 82
train/x6F7-Dp7pNU 45 151
train/Y9u-zmH6yz0 52 17
train/R9ksdlZUp7Y 222 45
train/NgcQmMmjq70 279 143
train/_wtudnLb1Qo 292 112
train/mRvRq6KxoSQ 185 134
train/zxVEnQ0edlA 278 85
train/z7DSvwAJRsk 163 149
train/uV34H-UOdFs 166 136
train/Et7F_jbtEgs 76 78
train/KOSEqO_vw_g 254 80
train/kFKlX9MWQcA 104 172
train/od9jV_FZ9WY 89 153
train/wtKrVl1uJ48 105 148
train/uPajf9mFDqE 164 23
train/tmPiqK9jm7Y 56 140
train/_uH0q0yl-hA 69 55
train/0NsFkLReGQw 98 22
train/pfAhHZQpenM 167 8
train/jGl_VJgHg3k 307 31
train/VH1VEpCvW9U 47 34
train/pa4TcQ2uPyw 72 124
train/PxKkmC2x1W8 294 133
train/Aw11FW-VU8s 252 17
train/uOY8JRRzkkA 32 177
train/zJepn8t5qdU 130 140
train/fbjRwyluVJM 258 147
train/boZSGSAPFrw 222 106
train/3aluTP6IG4A 151 78
train/9ptEA_bAl74 196 29
train/z8XDtF-sxoo 54 27
train/yGs5LCNNmmM 93 24
train/RW1vEAmdGJ8 166 148
train/G-hps9aQ2qA 69 107
train/RFNm-6R3dS8 236 64
train/h8Z-SgXRqCY 166 168
train/VNdTzQzthRE 39 24
train/LAquoawV_rY 386 98
train/1VNrofIax-E 148 139
train/0TSJKrR8W4w 63 170
train/S0CPA1fCWYY 59 68
train/4Jwn1g5tM2M 88 78
train/sRs46CLNHRY 48 96
train/wyO-BoHlTvU 138 148
train/4VoPgE00TRk 163 86
train/dnyjVIHyli0 94 85
train/gu6sBGHLYjw 167 174
train/G1rD8ShIBew 50 16
train/z_1yL8bXQ1A 76 23
train/jlPk9delXo4 196 87
train/ZZBJ2JL9FhI 31 4
train/4Aq22QtK_Pw 157 99
train/f6l7WpUHUsM 123 178
train/1oEdJgcdTLw 109 144
train/1gKgPR3wZso 157 129
train/V_BwPfCh1Z0 37 58
train/6aDdGHS5qRg 205 98
train/0LMXX25ALlE 177 37
train/pJIPZt_pKZY 92 28
train/xYQNA95DjW8 55 115
train/DyQBup4HPVs 173 111
train/FmDCrbSHA5Q 286 110
train/EhH9lMukcJ8 247 147
train/I86pDAzXVl8 313 22
train/R9zydIrq9Rg 258 81
train/zxtpAS1Y36c 28 53
train/DGYvzn6-EAE 120 115
train/8yILVrT9Jns 166 146
train/PLFkADTlopQ 161 136
train/QakbOSMJ0AA 241 2
train/tRHl6qtMEo4 293 120
train/oN_SjQXNGNs 105 151
train/4JuKffIge6w 99 152
train/vKn8gAhIfCc 204 102
train/4inigGJKRvU 179 147
train/fQ_ipOq1Izg 111 66
train/bYobHMkjBIk 304 87
train/LSwoQdEQ0co 196 88
train/4wiKoEAYh-4 185 6
train/IK-0-dFzV3E 23 82
train/oSd0keSj2W8 104 143
train/TroTzPeVEG4 153 27
train/bnQJ2q36d2E 178 116
train/OIJxoN-i2zc 267 74
train/ix0xu_c3cQc 163 176
train/rm66zRoN5tE 59 45
train/ZQG053T3fQ0 74 156
train/fwijEq90zzE 296 35
train/uNgV_eNtiLM 148 87
train/jokMXZF5MZg 152 78
train/wx_pyGbfTd8 155 115
train/CTPP9rfd5DU 148 75
train/ZrXU1DVeOqo 86 15
train/ZHqk-ySoUXo 67 132
train/ennV0BVFZVw 151 27
train/XeVQZdNJmrE 85 121
train/HTuWjX5j5-Q 89 68
train/p9qFAZIzL08 84 140
train/-i1HsfVBNYQ 126 98
train/wg4dKFlmdB0 343 98
train/lWx0mLVrxSg 63 70
train/2tjsl3AbISk 162 110
train/YyplASiDgYo 161 42
train/GgcdAjaI1fI 267 1
train/5FH9cGFPWZw 150 92
train/Vjjd-SxeTNQ 104 55
train/dH_gpSfaA6E 259 105
train/BcDQJynATUk 69 24
train/EKURr4RpGAQ 241 30
train/ZEukuiJGCVo 150 11
train/4rJukjdl4iw 196 78
train/1gqP6xFIwbI 59 97
train/A59eadrMTCo 91 141
train/HA0cqpQk77k 118 102
train/B8IcZLLZ5RE 152 149
train/p0vhggqoBsc 163 31
train/soW7Zlu0UqY 51 6
train/XHY8vFLRC7Y 264 154
train/O20YRus0d68 41 23
train/5dOrPifxbzQ 263 90
train/wnw7wuiB14o 102 158
train/olVp67R4sLo 56 104
train/Owd_oG71OGg 191 145
train/EDg3g7jsneM 164 98
train/x3ZAVVThYC4 69 73
train/Ak_aWGA9qZM 80 26
train/9_9gu_7Tz8A 123 118
train/lvtWu5fxKmc 53 161
train/_3Rvl6pU48A 164 96
train/Fh7g3rFzrZY 235 57
train/ubC-1DXt7TQ 111 103
train/Qz6DUAZ-Kk8 354 139
train/xDclKVKd308 305 126
train/e8efqO-H4O4 21 115
train/j1jF4iegy2A 138 27
train/Op6RluvPdic 164 49
train/pwQAq7u-9WE 109 141
train/zZq5K451OB8 171 92
train/vPQ5qGTb6Qw 151 144
train/UugQ5wU6f2A 48 12
train/x9JRqocmm24 295 59
train/4PMDDGoYxcQ 175 156
train/8RT7K4cfK1c 68 106
train/rOwUSDa4PHo 48 83
train/b8OOOCd6buQ 46 149
train/ovIBQp9IvRE 58 98
train/xlKA5JJBZJk 308 78
train/MSaRyxlZJMw 156 7
train/_PoYvQTxaBk 119 117
train/8-Gzr96yUjA 67 40
train/IhFKbkWf8mc 80 70
train/HtPwQcGhbj4 260 123
train/eiHWh2hSzQc 379 84
train/CHrLuJtqFjA 221 136
train/GRAJHGJufb0 58 25
train/PRH4CVFoPh8 119 52
train/56KQ-URhE_c 259 2
train/ioSAkQB7fTc 236 126
train/2pnbJ64zvME 81 16
train/T1r364eTHy4 46 79
train/m9yFrluYbFg 113 75
train/f5gwEoO6Voc 56 24
train/h9yDOGgP8Jk 131 12
train/LgmURqd9lRI 186 54
train/ZPd5J2-Qv_4 197 121
train/wZcNgjJb7II 325 154
train/pc79U9a73es 59 22
train/5O7sXgs6F9Q 141 53
train/O9T25SMyz3A 193 7
train/EfVVrz5NaZQ 216 140
train/sodHyy7WyK8 201 84
train/F5JeSnLF_N0 73 119
train/bkRdOlyRZnQ 181 134
train/ireQAW9d4wE 85 107
train/7XEZTHaTEQo 249 136
train/fKbWeLIFHd8 207 39
train/eMj7ZquYpAQ 106 58
train/9JEX97a0-Qg 274 73
train/0jvjFxjy9t4 167 115
train/7vdgJGBdOGc 35 57
train/Svd-KYg0BRc 263 84
train/jnOno2qAWXE 160 5
train/e5_PzUtWhE4 209 102
train/bECwqs42iws 172 34
train/11YgWtB-VwY 80 136
train/7jhaYJiJqvQ 4 156
train/_eaNYJBQ3qU 304 78
train/KFmaFnT4QKI 71 158
train/n1QvLyImji0 158 127
train/jqAV5SQhWN0 291 167
train/krBpbZfxbRg 163 141
train/DG9Oge1J9W8 74 162
train/FqfwSi2MDM8 110 69
train/VucYyXUsD3c 144 132
train/OsuyG7ip2Js 134 91
train/A3QxiyGu2TM 43 12
train/DJIgPlvziw4 207 150
train/snmqOrUNsWI 87 122
train/q1cuPa-cX8s 163 28
train/fcxrrfN1-jI 177 98
train/Z94md2lQtnY 61 53
train/RXLb3frjE1o 55 107
train/fvd3dCMRjS4 325 59
train/8eRBFG1IafA 129 69
train/mZGQ3HplZ7Q 106 34
train/_-ESAPTlfA8 123 98
train/cVelut-G0zo 109 149
train/Yagr0XsARhw 157 22
train/D5PoHmtRjlY 120 84
train/ijQUOIVR7aQ 107 58
train/w_bL7gnGPLQ 19 82
train/F8I6eOEM6JE 53 23
train/jiSiPWUB7aE 294 27
train/UIqgSVVGVac 162 121
train/CiCvIXBhros 109 12
train/fzZUwbW2pI0 305 100
train/Y8gk8axnWTk 294 144
train/S8XpnDE4xKY 114 152
train/xhtqxi8yV90 76 123
train/_EWrMHUyWrI 151 121
train/ALRY17ytL74 169 35
train/2HJrSIgHLrk 139 139
train/v9cjwhClNAs 75 35
train/vzTOMMVe7dE 257 141
train/MazdPck1g7Q 111 47
train/BzH7A8czBds 253 52
train/A7sd62BATeU 83 142
train/bN8Y5wtgPf8 153 167
train/JtY0bdWHwFU 74 147
train/y9EEyszsjpc 260 31
train/yhnKn0muz5o 18 156
train/Ekq7QfeVRIU 213 85
train/SYswUuSup9s 28 169
train/Q0uCPWimuO4 268 42
train/HET0FezEDvU 167 106
train/2j3rvfjGvOg 53 4
train/tuWZdfKWBGU 234 69
train/LG3yA7ITBKI 167 40
train/pqusNI_lpbc 177 147
train/ktIxEqQnJe0 281 127
train/0i8spa9nOzc 24 172
train/m0LDXpbNKGo 112 131
train/571P9hzQaqk 60 77
train/x_J-gdSXLgA 89 177
train/SYeVzWODh-8 67 83
train/VgAm0OPO-gU 81 136
train/9Pj8Sx5Z8E0 119 134
train/_Z-Tu1_Q_zY 217 98
train/UuQ3js_fR5o 178 166
train/IaM_VEAII-w 86 162
train/OsrRpGbIpKA 310 114
train/GCpD3jAblkw 230 165
train/rLhsLgq0bbE 191 58
train/_nQRDEOyJVs 199 85
train/iHhLDPp2uX4 162 24
train/ZWIljrHeMyk 255 126
train/yOdnoBuhP-k 229 41
train/rv5REozhJlo 188 62
train/uHzSusi9s2A 302 72
train/j_vf1Xp0Cjg 165 18
train/AnupLcGUqSw 289 132
train/NsbbyG30Utk 344 155
train/aogu4SX7ULg 66 143
train/OIQMaSi-Ag8 232 127
train/jwHJwsmY7mo 69 54
train/SRtsu8iAah0 267 97
train/NFLv0z0DKA4 224 124
train/Q5xYTAwYaRw 221 87
train/dBft-M7Vbvc 63 68
train/aD6NZ561a3E 176 33
train/NXDxg1JcqsU 741 76
train/MRrIJ1sfNEc 113 58
train/CwJ5yjfCXg8 47 7
train/rjjvQXsNFok 128 66
train/C0Rugzrpgv8 249 41
train/n7gc3bHd1rY 114 60
train/FfdzObQbH3I 63 47
train/ruXaqx4KiFU 141 119
train/wD17hkI5ElA 95 7
train/xW89gasgFGo 394 164
train/FN_8OsMmEQU 282 72
train/VE9wt_3gPKk 72 106
train/JvE0boR-ogA 247 99
train/d9mVSVlsGTU 260 79
train/Thso-iY4dPg 75 59
train/mbNZ0hrLQkE 109 82
train/3FI6lLlKMuo 58 70
train/dKP5FzYN2Js 57 77
train/AvHpBn9pmXE 259 83
train/Op1gKSlLQUg 24 167
train/m7YZcFdvu8A 249 167
train/4DUo4_mhn1I 346 102
train/5VfO_OvCdi8 67 35
train/0fugAumJbo8 118 100
train/Pi01Q7d9C1c 182 33
train/iImxpOz9tjU 152 119
train/PjebYYU2wtk 102 71
train/V1M8rU9SiUI 73 124
train/6ytlpzgVG8Q 25 8
train/_fNiagbvsRg 51 90
train/WmrW4bAL2sw 166 5
train/YY6cbivzc2Q 51 66
train/Edip4DZDZ60 105 113
train/CFzrcMfOIFo 167 75
train/as-Xh6e_8xY 140 55
train/1QdoR478BCA 233 111
train/mfTkemsZsWs 62 47
train/3go_XTFz32o 104 104
train/o7Rn1PE9prQ 35 83
train/FNUVMg26D6E 53 157
train/V1vZsMD5WLM 218 79
train/NTW27byTGgE 135 33
train/cRZDVlnBo7s 166 27
train/RLqC9YDw630 157 58
train/0Q93BWwl8c4 202 143
train/Pfkm3IAzt0o 85 74
train/WleXk7eu1tU 28 68
train/q-o1R2Y89IA 267 117
train/o876FrHggYI 70 124
train/LGHxaTT6rgs 158 85
train/goqPhR4gW4Y 132 29
train/fUjz_eiIX8k 251 143
train/vL3uZW54Jog 391 1
train/SlVQ1xn3Zko 50 91
train/7jHUg--teQE 175 33
train/xeeVgnnBHXY 237 78
train/fPxqwmwrm6A 176 128
train/37yI9BfEXN8 56 17
train/LFPUnpgijNQ 212 62
train/sVJP2ljwzYE 92 86
train/cSvK4fGzk_4 53 47
train/EP2VECY--Co 241 166
train/L-WyUkXq3HY 226 101
train/cI-U-q8prkE 87 128
train/NqtfRGyd5Eg 318 19
train/Lu32VrkNf8E 297 113
train/FUGkRfFZPVk 143 24
train/VniXSOeITTs 89 59
train/FgoEzOOtVDU 174 100
train/gTAnovoj4Ec 190 35
train/_9iIz2i2gww 315 48
train/RVZfet0BPTE 189 81
train/foJ4U6PXV_o 378 73
train/oL8VFDqDPeM 87 94
train/K790nISTn2s 231 14
train/DdgyMAd0OvU 253 0
train/50SgAnJXpuc 85 168
train/CAeK7ceZxTI 57 66
train/8jLhilR5Hio 149 135
train/Gva20lPH1Vk 169 97
train/kkxfV4TtCZg 112 25
train/5PcBkFdu8Z8 266 96
train/vl-jmIOY0Rw 373 113
train/uuznTv41PTM 68 24
train/wS5fTxroezs 51 38
train/M4c3WlWFEos 132 61
train/sHfozG2_9E4 26 4
train/jHsn8B9edO8 75 134
train/ZkbHOYzJAn8 48 60
train/Eq1MIEz2InI 36 131
train/m_zEpmzYL4Q 45 138
train/Smm97Z3j5Jk 348 13
train/7LBUd7Ofuu4 114 118
train/78u2RZpv_o4 19 151
train/6hbEjvA40b0 102 153
train/XHMD_0ZmHhc 202 13
train/f0eZR2olToc 281 57
train/Uf4EC-U8CCs 46 124
train/S1DWismH1HE 286 68
train/e2MUCKGHCTU 102 77
train/on05obGJce8 99 168
train/C7ZICo4swQ8 38 178
train/xYSH9rNipaU 63 49
train/Terc6ESc9uM 145 78
train/RMYy65CO7vk 61 82
train/SW0Xa2k8O2s 170 85
train/z4B1JZQnHl4 357 159
train/rDxUAtrQPFA 170 83
train/5FjYEpTVw3Y 77 86
train/vdUBmiIFaZg 123 154
train/NqJ2WLfcbhY 359 33
train/n9TuUTNpKwg 87 156
train/wV_6jQ6XBnc 29 170
train/1tbf9fGAC10 333 124
train/J_IboipV5A8 215 116
train/JTRRiZNquU8 62 161
train/WSeyCd8y0aE 143 5
train/BUs9R6Ww24M 70 167
train/05AVFTpp7fc 174 154
train/6xBn53BR3-0 124 170
train/Qp-doEVBDYQ 314 96
train/TIXoVfhTBV8 268 50
train/0eZMRHKJVrw 232 109
train/cE_pLzWbFOI 109 148
train/uCtImBV_N4E 317 24
train/Iq8JTy46y24 55 165
train/i7hD7IdtbGk 163 109
train/sHbORiiuBhY 260 126
train/LC8_ndnXJUY 281 16
train/KkXybvkdFqo 318 77
train/YNHzArccHl0 105 24
train/flVdUcoqU6Y 67 142
train/GoQpmUSHstw 85 58
train/j7kZb0T1Mko 35 73
train/4ILtq94B9cs 758 113
train/i5eMFxMPuoo 45 140
train/daJvfa4sRjs 182 129
train/HJohNafwwf0 18 97
train/dh6ob389CYU 168 126
train/eXgiUWDs58Y 69 1
train/6Cvo3Y2FWbU 73 106
train/baEMz6Tlz2M 26 1
train/v3yZvon67Yk 267 147
train/Cep5htIMjZI 29 147
train/wqV_WwwCpDE 157 54
train/b4gt1eXYU34 228 80
train/4PCNwYY6F1E 70 123
train/MIiyNuJyVUM 113 104
train/MN6_Jm9p_vg 185 132
train/QmHe8kkEGxI 167 62
train/34iWnIE2lvY 162 107
train/V7mqV1lo6PU 118 13
train/h5m7lALptqI 386 27
train/SksynSLXwn0 18 49
train/3oE1wgWhC9g 33 162
train/Xll7kQnELt4 90 60
train/ARzSyEpO0bI 229 90
train/3ZmaNGpFXoo 88 5
train/O91Tl8lB5J4 52 58
train/dfcPH0S7LzI 225 0
train/YFooePJGlFg 109 5
train/seEQ06-UKdA 100 50
train/hwr-Zm-RK90 146 160
train/mn0_SFl9B_c 163 110
train/hcEN2t3tPhk 259 123
train/yh9VHCmiovU 79 166
train/svHMvlshi50 41 131
train/0VZLn7dYtRo 301 104
train/XwLUkbSDBTs 222 145
train/L0KMS5Q2M8w 86 82
train/3iOLiCbQXHU 268 85
train/fx2ZilgEmA0 45 86
train/BaTvKGvMMcU 64 119
train/QieKVucNSWQ 117 67
train/EqFtWynrN0w 111 165
train/sZqCiIyz0nk 175 90
train/LFCLBZBR76A 240 84
train/6MIPgOnrJPQ 269 64
train/a9VwBqrsOA0 191 13
train/W-oZkf3AGcQ 221 141
train/o6GrNOkU754 549 79
train/PVbBNv_uqP0 69 79
train/GsT7hn7meto 111 56
train/RTWOzLJ-ctU 197 147
train/Zr4jf0vOhgk 239 144
train/wIkeggZ2ZHo 35 173
train/udTGsfq7qe0 363 42
train/gjFgXjz0wcM 52 96
train/HvO3QYZo4_Y 76 63
train/4Cky0PLToXg 143 148
train/0C7FcEDccDQ 87 44
train/QwyHLsD2E3M 281 161
train/ST6aNK8uXnk 55 44
train/42XxWRpS-P8 134 119
train/Z5xqPYxwu9I 42 78
train/65yFZg63NbM 58 0
train/G7PUsftg9ls 18 12
train/0IfvdV2McQs 314 49
train/ItnVnncT0xw 104 20
train/nDjR2WzlduM 158 84
train/_KzroMEH90w 26 53
train/RycqVv-J0Dg 281 5
train/u-ZPjYbTI6U 166 174
train/cZGLV9Y-gPs 161 37
train/QaDlAX01AaE 59 44
train/Redfypm2j7c 163 84
train/epXP1BovxZ8 240 111
train/HS1aGWA10GI 145 20
train/f1KMlBa5mNM 180 149
train/S2kX3VtuXlw 278 110
train/gpVkhaqnkAc 237 64
train/TfMB6UByY4U 157 28
train/C74ImxnxrlI 120 29
train/E6z27ljjOsY 260 95
train/msMEYR5ak8o 268 72
train/XIDgjNt3Fyc 85 148
train/P2RTA0wyXUk 108 130
train/tOL40qUErRg 126 125
train/_Vf2ELOZUJc 228 17
train/jYryuEan6so 108 64
train/p0NL9L0xgHM 91 179
train/yE10gqN0Qrk 95 39
train/pjRY9d1Ua7k 44 2
train/6DxVKBh38Dg 248 99
train/CMqgRP6WO-4 176 82
train/Q1wZjTM9L60 297 175
train/6mkfF6Gv_Bo 119 0
train/ncdV7AOOf3Q 38 170
train/d26PwcKz5Jo 252 127
train/TRwjd2ga824 189 178
train/5jozYgxtUMM 147 35
train/426-24xn_2U 237 60
train/UC2tmzXSxFo 115 74
train/CnsXEHfcjJk 67 30
train/uRU7d0WjC3A 176 143
train/KARsyOl_Hg4 103 119
train/D_PH-8nhDa8 92 51
train/QiRbQtIEWvM 78 66
train/ps-p8i_yqTY 206 88
train/qBZyAnozb2o 148 147
train/z6F6NVDqETE 199 58
train/V1-K7qpuGYY 216 121
train/4um8iuFM9vI 138 59
train/2HSfz0pCdRE 73 62
train/VuCRR01E1cs 110 127
train/uKbaXVhvMxE 251 19
train/xCdN6XwK2EQ 154 160
train/aCiN9mqkXoA 178 171
train/EL_7CO_x4pc 161 94
train/C_bwHYiX-Vw 256 15
train/2O87pliAdpg 96 18
train/gfNUu4DjZ3Q 106 58
train/RkXRT2TuyP0 152 74
train/kkEl5KoPZHw 29 34
train/fFML9muK6uM 122 30
train/PXtl8ej1mGI 331 144
train/s7AakIQnufo 19 161
train/QXu7-aRMSgA 302 112
train/MFMNd3KPRdw 166 169
train/J-Pjl07MJCw 48 46
train/VuIfNM9T1Qg 57 130
train/ARqTgPozlfc 31 157
train/SSqJOwZdbEo 60 24
train/cjUBC3gMgn0 182 17
train/7046-0ct9bI 322 116
train/AsjTBJ98KFM 151 0
train/zWnSJlF5YtM 109 84
train/ma-huuDfEfU 51 5
train/aT4ZEq5uYJA 176 122
train/cwfHmOwG9AM 142 140
train/giMOkyWlk6M 150 98
train/SATp0cgFoKU 295 110
train/nf7N95VzYxU 168 39
train/6uF3a7pADYI 99 63
train/qgo0HBhLNQE 119 127
train/8Qreh84dBno 221 79
train/maMyJaxGqOg 270 119
train/RD448Lhzwqc 256 164
train/NiBB4Q6IYI0 183 140
train/c0bNF-durCA 276 99
train/femSBniUF-k 134 81
train/_oHH0y99Ung 162 2
train/bteSM5pH5H0 76 123
train/3KxD4y4FREI 52 60
train/482VtesZwZ8 402 49
train/3gcIxgZ6yi0 53 106
train/p1d9g2Fqxc8 169 75
train/V83CWwmiV10 247 178
train/JFmzkDkTRUI 109 101
train/olExZmPP5u4 297 154
train/sR8N-g4sBDA 98 109
train/Mw6Ny9InU6k 185 52
train/A2U8opBiMz8 99 164
train/Dmbng1dDwQ0 12 161
train/cD7IsVcmpHg 97 28
train/8TYdmok3D1k 171 8
train/COglPtNiC7U 140 29
train/D-0MV6LRvbs 173 17
train/vSeh4rGngtQ 259 165
train/3Tbod5dwxDA 41 160
train/odI2Q4tBiW8 234 143
train/lqsv2G0rMNA 267 102
train/1-ChPurTmOs 79 4
train/FGB4aDX1nyY 52 53
train/q9RMoKmbamM 152 169
train/3ewWno4JLT4 390 131
train/cdvXEg2Kk04 140 21
train/RqRNGeslikE 62 112
train/lsdHGVr2M1s 197 8
train/9iSwAopAkA4 76 37
train/ej0wGtED28E 104 36
train/n--fgqwuTTI 240 16
train/plFyPeUWSb0 131 67
train/ElXkXNbsZac 228 114
train/JwIY7kpx5LE 115 99
train/aLr4zPRL8n4 173 22
train/87YUvJIJJRI 198 104
train/cckAwavEKA0 211 116
train/8uSCSarqbnM 61 50
train/b9LBMy8_3-E 34 168
train/t4tToyhHsaI 164 57
train/L2otSq4m9Uw 188 48
train/0Jkcym1lGBc 342 151
train/Yy4PdMacIrA 149 64
train/mGJO5VFtAGM 86 24
train/kqjoZ0I1epM 61 151
train/EJ0winNlHuM 86 2
train/gmyrUZzZ-KU 303 22
train/4K05E7-GZVc 178 0
train/Cw2pblvrQqA 477 49
train/RMr3ECR2OoU 134 143
train/sCnJNUPHK8Y 160 119
train/hZtz-XQS1po 51 36
train/ht2ublZJRf4 111 151
train/8zEUQS1s3kw 246 153
train/Ia0zPp5kvtc 127 64
train/PBo_xCD87xw 92 137
train/j9kk4mDFoF4 84 29
train/cpSWR_lLSMQ 81 109
train/TmUID5E8mI0 171 169
train/GE5_Hu9SrEM 332 15
train/nx83DtcBQiI 145 162
train/humghS-s1qg 108 145
train/TzNH6CyT6JI 45 94
train/m24UyvIlAWo 15 68
train/wYfYAleDvQo 152 18
train/HA3ZIjHGKZ0 238 120
train/D8SuPeMzNw4 114 165
train/Ifpbb1hpxlw 210 60
train/gDz3ZjuEWyQ 189 178
train/Ym3eoMGzapI 283 139
train/VNVRg6PV8WQ 263 15
train/341FiCKsB-8 37 144
train/JD1ays1nx5c 120 32
train/8CfIu-CTSLQ 85 69
train/I3qEV57GNV8 164 88
train/nBL8S79rK98 34 162
train/IrNydQeLQKo 162 121
train/tt92j4OwLKw 148 60
train/jaTb_TJTiAM 39 58
train/NsLipohdQVY 171 35
train/12L8tG0XSB8 151 146
train/GUImZ2xM5NU 260 75
train/a158bYDFSwU 203 72
train/4i-UrFQ1V5o 270 50
train/MJTpN_9uhNE 221 27
train/s6xCE8T0-VI 462 160
train/MttnHBPAXLI 173 178
train/WKBJ9Pa-gjA 207 28
train/wzxdA_iPtk4 191 63
train/3T4C_-q8Lj0 161 156
train/mZh6is5f0PE 35 170
train/yIkYsvNJ1FI 52 11
train/4RyWpsr6S4E 321 110
train/IUCoh0Uu_qk 104 68
train/zW_HVBy5mwM 71 105
train/tPnCA7cJZHI 88 155
train/M_UGoUYZALA 28 11
train/_aRsUFNtGsw 174 116
train/AmRXo3SAXLI 101 86
train/cUi01KpgRU8 162 99
train/LHCG-CVKrSo 66 117
train/3YJOXyIsBK8 140 152
train/ZeFGg1eH8iI 24 144
train/XhCPua04Q2U 57 30
train/v7M6lZejwm4 215 127
train/mYvaKphI7K8 241 26
train/pVsQZMnlNis 342 120
train/TOrBfi_luW0 44 147
train/3QMBTi9INnU 144 32
train/zaY8eYBP_Yg 54 71
train/zjIWb7aP86Y 276 95
train/2Vl8UVRl2Eo 218 173
train/0sJVhKBoqFc 297 41
train/gbu615uaEwA 283 100
train/ovJ2vmlX2DM 113 124
train/eZG3Oxn4oqE 157 81
train/JFojMoSiI4Q 67 35
train/1k3lHYrZHJs 234 78
train/8VB7ETw-MiQ 119 56
train/hyqEwNZ-VOo 296 15
train/22cS0_SGd-o 173 1
train/dZAOR_CtKuQ 53 6
train/dn1qrAHh7k0 124 139
train/IRYH9dYcmlY 138 30
train/iL0nLqG8uXA 237 100
train/I8r1b55R80w 134 24
train/4XX-iqiTFTs 111 120
train/dHxDPzxmpuw 110 127
train/PUBAnbAm3AI 52 100
train/NH7BPL5loEI 151 114
train/ZXFd5ktuRwo 162 19
train/dWOk_XIVBwo 86 105
train/W1VABHKdIIQ 135 97
train/U8pqZbOmees 166 102
train/HIZk8659ppg 69 163
train/LozeRVU7YKU 162 76
train/DIpA4oH8MLs 67 162
train/YF7o3-ndFWw 59 82
train/Ppyk8sjmuWA 55 142
train/pLJhoqTpAaI 128 15
train/DyNp5FJEheg 134 103
train/N_RxHEjIKc0 98 47
train/HXDkcfu9_EI 140 83
train/bIcw3oJUw-s 42 65
train/KM40nyrmGP8 165 85
train/VtMELMu8vXU 170 87
train/JmNXuIYPSwE 159 82
train/k57TBS-vjmE 85 137
train/GWebTesXYBk 180 0
train/sX3F0ptIefU 56 29
train/qZIZCN40v1c 159 153
train/NG8JaK-Md44 140 95
train/KJEG4yNA4UM 105 140
train/5i_BRgoe1ew 136 77
train/ha7E8tQd-SI 25 107
train/ZXh-NeYCu-c 19 155
train/bA3fyFTwJLA 175 24
train/A8iKTJbxWa4 96 129
train/6_PKP09qyoA 190 154
train/kKUBmsqtn4k 409 56
train/Fz2kgmXfTAQ 106 16
train/UWEW7lcil3s 51 36
train/yCHCsOBZ58M 176 148
train/Ht-4fYrnyIk 290 142
train/OpsLQan9GTI 121 93
train/SSYpNt311jg 334 110
train/fVxfSsG5dTQ 63 82
train/KeV9Yfxa8J0 122 69
train/ZIHibgjycKI 54 3
train/2gdTMfPduCQ 24 68
train/g8PY9vFnjQw 345 140
train/acwK2_U16mY 61 147
train/4Q8prjfm2PQ 373 64
train/15UepOOatyM 92 7
train/O_WoIGSeK7I 222 111
train/oWWXpms80-I 171 88
train/yPEf9ajKwI8 223 99
train/I3s4s45zduI 238 111
train/53kXE6Jd0hU 61 125
train/n9tZ6s-1TPA 139 127
train/QPucgJ_iEUI 198 52
train/NWXNO6h5cnk 109 78
train/ewlnAMLpOv4 191 31
train/RCIoDkl5jV0 128 58
train/wdoBltvdXXI 117 172
train/JoBnqwle8w4 205 89
train/hq_yZXvIRLY 250 31
train/v0oTPhEIU0I 54 73
train/FulYQeFsBp8 181 135
train/re145pWtof8 310 52
train/RGcD92Zcx6c 135 59
train/yXzLQU_jS44 191 3
train/z-E9U-vM3WI 104 124
train/sBbTLXvWjzg 34 65
train/mT7xxa-a1S4 166 146
train/ZfDgLA1xmBI 35 66
train/dmfXrC-2o74 30 4
train/42NHZdf5jB0 102 60
train/9ocygkxagPs 255 15
train/QyLn4tzUW0o 124 57
train/1LpyFZVzmgc 182 132
train/qnZU7kH8rDw 23 54
train/VVF_zNy1G_8 52 105
train/lRoTsRxoUDw 64 157
train/B808FdjLhS8 173 158
train/PQuZ0nQLlt0 205 0
train/YwuF76WFP5U 62 47
train/yEVLI6Be_qU 280 115
train/Axd0dhj0D9c 44 114
train/lfiNxQZpYJ8 141 29
train/wtYxVPXkdek 97 95
train/MWek-Th6luo 164 74
train/dsY8u4ifJbE 180 134
train/W9NpPyiMYi0 33 12
train/fRT7KAAykZQ 268 75
train/Bb-5C0mdc5Y 213 72
train/nAl4yc6829M 111 77
train/T0Ukiqre4IU 124 132
train/p8qfjK94Kzg 167 27
train/EhiGudNZFtA 277 26
train/aN0Zr6wc0eM 207 41
train/vigsBzBWcCk 301 113
train/aaOyqHLmZTU 104 66
train/gg_Mj3vwts8 754 76
train/IUB0Ep4DuBI 268 7
train/PIyPYCX90es 196 80
train/Y36zINLldyQ 301 151
train/Q0Z5yiEt_Ro 174 120
train/lk1G25bqpww 206 135
train/mUlzSR5kEvo 283 98
train/ivX9Wwp13HA 140 162
train/YcVW5TXVz6U 105 84
train/YulxNOdSbPY 249 132
train/fsa7OacktMY 203 123
train/FfuBO3-K8AQ 281 118
train/55gFlXchxzI 222 136
train/_LaVce1JHMQ 161 57
train/xpCjuiBnURs 260 72
train/rYLv6sWwCis 41 8
train/1pTcvHJ64dQ 98 0
train/vLh0LUibgQk 360 84
train/EpRj2Tbvf_s 51 36
train/3bel86eGTLI 167 15
train/vO1YODYbvEg 140 36
train/qzkFPswXfNg 167 52
train/n0HVJUxP8-o 55 148
train/0ksZQ5YC5gs 174 15
train/gwma4Y12fdU 382 39
train/YFsKryLF02Y 81 78
train/cmOrn9AO9_A 51 151
train/4E00LCWs13U 51 63
train/Un2DUWn3FLE 220 35
train/3FScIlw8Hmw 115 28
train/Z_DjpXqT694 268 57
train/kYCZ2Qr0pdc 165 92
train/Iw1FYb8AFEM 86 148
train/brIqfESMxww 260 105
train/PHKQK-CXIto 371 87
train/MyqkLil7KQo 175 125
train/yLOiumALndA 172 161
train/mmnlPVS07nk 268 105
train/c--rw0MFk_4 254 31
train/pwRFmEYGbyc 34 143
train/Rf0PP7j9LtU 22 130
train/VsnhrYjP02M 142 126
train/jtyOPzCHVUg 173 152
train/n7LBuJXN7h4 125 99
train/dKweDuyjOpU 154 142
train/xCJf-T3WD8k 302 99
train/EEs53RuXPPw 247 77
train/Xvf1_7g291Y 152 73
train/xZUa0OQ8l0Q 286 114
train/6KNJ-CVT9PQ 369 17
train/e_DONqLXI7I 167 34
train/MuRPEru-M2w 267 1
train/qe6gyHwKo3I 299 159
train/SXwmimcYgLQ 51 54
train/xn0i1BsM75E 37 63
train/Nk8-9XwdhXo 206 7
train/dXTzk6ey98w 169 17
train/ipQy_SikRSs 334 153
train/E_r61Rv6DaE 285 27
train/F27rMym2iyg 72 65
train/MV8N5s6Z9g4 285 110
train/9DXDCojDv_g 54 11
train/KB2aPjwW4PY 64 82
train/xbH14oAM57k 34 60
train/qKok48cuzk8 216 127
train/zqTk1hHHhQQ 292 136
train/Fa9_M5vhjMM 288 99
train/x3S02OiBlBM 71 168
train/kIDH16LctjE 73 175
train/s6tSBINNpD0 170 95
train/Ba4Zrai47e4 28 82
train/OK3twDnTlTg 88 28
train/iTQy9x0bztM 39 5
train/Ii1mFpJKZqM 222 41
train/7ewTGxvJ4lo 108 57
train/wUzdEmij5O8 328 92
train/fMCYLJVm6Xw 170 17
train/7OmkFqy0-9I 89 127
train/R30ZlO6LeYk 377 154
train/ARZflb6yFE0 627 61
train/2BNBJW6QHnM 353 9
train/C9KJ0RckGZQ 120 129
train/Ez7HgFlVErA 75 158
train/KfthIeJmoyY 91 83
train/EO5TzAekimg 51 90
train/BB8HRgAFg3k 60 123
train/CqKVwr5_1iM 73 21
train/nlDHN5E1WrI 320 78
train/jjHzFZ3U7WU 108 154
train/puEZuZeFg1M 47 130
train/Vh9hazA5hRo 245 85
train/Ky700706Kak 163 104
train/ZFjQpgDFm5o 56 173
train/yEqDgFv2r74 173 85
train/TnP6coXzbLY 252 15
train/7vK7lTghbe0 588 43
train/SC65ep8LxZM 251 87
train/GGdqBefHjhk 182 119
train/AA1Psg9B4BE 281 57
train/8qZkRyqAsnc 216 47
train/ewEgaqha1rg 320 106
train/gXJG0N6_n_A 64 127
train/qlthIiZ7YOo 31 91
train/Kr0e4DUSnjc 123 24
train/QSPxQ15kp18 251 108
train/nnQ0NsM5brY 168 19
train/Lqxb4GHX6S4 258 104
train/1BA2TrL1S6k 169 135
train/hg_Bk_JtBfA 84 57
train/gCePEY9x9H0 44 170
train/okNJUY75kEM 58 156
train/LXJ7s6JOs4c 120 63
train/lfMSlJp9qBE 60 172
train/eJaa7_8SnwU 105 137
train/_0K3pm-b9-Y 41 149
train/gjuVCqnS8Nw 317 19
train/KhvLN0y1keQ 53 28
train/FP_zoFhHR1Q 144 147
train/zHX-hilfK4s 197 136
train/O32-Ae8SNIc 78 157
train/hoA8e_5MfIc 271 152
train/H1dTld_SPnc 139 5
train/f_nMpY2GdV4 152 0
train/2z4uRq70wyk 172 80
train/FT4rqp1TnAw 289 40
train/i6rOuyRCAEk 234 105
train/cwsH6LpAfcI 327 35
train/1TIWI2yBfBg 225 104
train/SZS7jMCL4No 174 147
train/Axm7_fFne8g 359 94
train/UIGWTlswRSQ 122 167
train/g9dW2dPyUZE 170 18
train/IZXFAoiSj0c 67 161
train/vESzrYPZn4A 63 75
train/jQetHlv4y-8 62 68
train/ViJ_ndCTtjI 51 66
train/etzcdkOFTyk 103 52
train/XMPx9aF5eg4 221 89
train/l52KEvXJh8Q 255 31
train/08qyyYlw5OA 146 103
train/AOTrDM7CjjM 103 147
train/jLGFuHrVwfo 77 144
train/DohLm-jcAjE 308 52
train/UKqK5mzFe4Y 272 33
train/3kow6gWBUlE 105 104
train/NjE4AlmNR0I 307 73
train/5SvJ4ewQwoU 168 85
train/d6O-7toRIjU 58 129
train/_002Hv-QWD4 339 36
train/_zNOfSNqOnw 164 144
train/qIJaxObkRC4 29 170
train/1ItTtshaBko 132 120
train/b2M_UqO4cz4 194 81
train/KkdZuFfbFrE 286 159
train/bx3a-75B5yA 200 78
train/XidMDQPnB0I 55 146
train/7AlenJIRPX8 141 60
train/Qiu0iw1ebhE 77 125
train/BfLpBlJS0rU 162 98
train/xeGw6DulxZ4 162 53
train/qAdK5lc7LR4 59 143
train/pDPN9szxT3U 57 162
train/vULiLgT-rR4 55 7
train/QvLsDL5yTKk 247 43
train/eujkxMFftCc 163 95
train/gcjopybsiks 111 147
train/NmUZ-POzpsg 209 56
train/hK1x1scurOc 51 66
train/ZCxYhx-qpL0 237 41
train/gdeODgOcwLE 98 77
train/9tdpiSU3EOg 107 73
train/t8KOsNtpV8w 228 13
train/UXX8k68S3_g 139 48
train/5NAJ-Onv2eM 215 72
train/G55HghLsFq0 23 68
train/kOklLIWJrE4 74 124
train/kJzBLWO6aSY 81 77
train/pZaMRGxKlmQ 157 146
train/Gn-VDzn9Yqc 87 106
train/GlAAkO-ewcs 260 41
train/5ySw2dvWi3U 198 80
train/hV0yHtMk0pM 187 148
train/Nycgru1zjTY 193 90
train/KgC3plR8daw 163 68
train/dBjZNEmvIPw 311 87
train/byTdE6ad1So 149 93
train/1C-jlXuarfQ 172 106
train/Sn1u89HXAlU 284 73
train/dPY3yEJ0QA0 233 146
train/YoLLsD54Rew 90 178
train/zbdyPKoJtc4 123 97
train/jPb4XpiKIk4 390 75
train/ppv_RC96YCE 80 94
train/Rq99yXMtTpo 373 117
train/EwVctgQJ6Q8 198 26
train/cpULeCHY_Yc 230 49
train/yQ5PHudhbn0 58 93
train/VH2f0p7E_Dk 300 117
train/8UZPuAFsDEg 95 47
train/lHFZnfx6HEk 128 157
train/9geerXsYYLc 26 143
train/1n_76hnPxK4 223 169
train/RDFRslI4dt0 159 26
train/jEhW6xFv49k 97 41
train/6FBr9qDHN-w 149 126
train/Q5786Mbcwuc 207 170
train/jQIST0kIvng 206 95
train/ye_CceBzB-Q 171 143
train/6njTJ_Z_zko 216 174
train/24n3do8y0Zs 139 52
train/nsY_InwlK3w 109 70
train/mSfKRiUwujE 155 73
train/kO0sO2ouTKo 140 138
train/_4EVyv3_ch8 64 159
train/Mgl0w7OiOfA 185 63
train/VQWNjVh3sCQ 108 8
train/8Vq7LFv1mCs 120 27
train/x82uHFqRbkc 205 58
train/AJ2uBYCVHik 301 148
train/Zy4r4cet-Ec 227 131
train/ameeB-NrHHw 112 136
train/TRe7ufWyM9E 91 153
train/RBrE1_uCmmo 41 25
train/9p69oEHqTzc 113 53
train/4zX3rFJEfeE 452 28
train/y966Nyk-9_w 120 143
train/MVrI2kuRKdA 320 80
train/0yVAOo0-VNk 73 175
train/ZgUzScW8trk 235 19
train/N4bgQJvUy7A 122 87
train/N2T3MdebcKM 315 139
train/Y-kx8JEDgnE 64 137
train/oztdEZ-Vcb0 218 119
train/dx75APUIe24 189 126
train/aEHBmi1927g 159 138
train/wUPhfRCWOTA 303 74
train/BZkvMPXfrT0 166 121
train/tSsB8jjSIkg 216 17
train/EAkuHTtNIVs 281 109
train/dl5w93jATK4 250 110
train/d2gMl6jwEEc 26 169
train/UG0jKPY7NzY 219 100
train/EOKcEEWyf3A 225 139
train/cDPauuWBdds 71 27
train/13aRhfmTL_E 75 173
train/aD1otBoKP0Y 121 95
train/tLFl604xbKY 83 70
train/2jF5T9hGTM0 70 70
train/AfMzADy2zaM 329 40
train/ghDuAjzDJ0I 65 52
train/7PrWIJlJxrU 163 39
train/GVdOB4nA7eI 293 155
train/rKlpmiTdyH0 166 106
train/Nhc_whfkifw 274 104
train/2ffYeuTjjvI 42 11
train/ey7TbfDOp00 167 129
train/I2Pa9HBA4ws 302 75
train/jPAa607ApcQ 295 52
train/kPvewqOwnQY 42 64
train/MXJqMSlPC34 343 57
train/zbWml2h-fVI 55 20
train/svTUrXrAa1U 232 60
train/W8C0Ewyd0BY 311 44
train/S5caSamlk_c 198 75
train/Pv8JcwozmaI 132 163
train/LAoVjMdBtFg 136 5
train/264IYBbP4iM 83 94
train/rZk0sCauius 259 59
train/892IyQKIe94 303 124
train/Xz8rbmJSvQQ 159 57
train/67fvRvZex64 64 20
train/wYyglZE9f40 96 47
train/pKiQbnViTH4 267 110
train/VseePLVnvbU 168 123
train/uy-dcjCe-g8 154 174
train/SQCyconCN2U 311 87
train/rZrEuTO1mns 170 3
train/Q4XRVyZbZMo 55 7
train/lkOgYXhPUdg 136 138
train/BqmNDacV6r4 85 46
train/TKlsXDuIaZs 111 35
train/elUwl-OVev0 118 123
train/KOtQL0zloyE 164 86
train/jyGK1_JtGEM 80 123
train/MHsoYTT5r6Q 26 2
train/qLM1s6d8Vv0 179 67
train/AWyvWovrQd0 249 114
train/4Pywp8BHP_w 237 29
train/yfcMnudvYfg 342 54
train/ClAhk-f35X8 180 72
train/2DCL6nYSU9g 71 162
train/r_qaDKhe71Q 258 95
train/93GnoFu-5ho 121 58
train/jpx6Rbc_nWQ 114 5
train/18GaLCX306E 337 139
train/3vUtRRZG0xY 99 133
train/L_QeP4i7Geo 291 68
train/mK_ZIlu74YQ 260 15
train/NAf1IAozRtk 120 63
train/_SzX7ZAUlXc 271 140
train/pk0Ofxba5IU 54 60
train/ZCi7ra8AZdc 80 46
train/YMsyF-g2TqE 287 48
train/ApaWyh-00zY 57 151
train/qT0ReqtNyX0 237 48
train/p1II1FmJ24w 185 134
train/h4PNhw7Q3mM 393 21
train/Zb9lQGhVv30 47 119
train/oMF9Ut2_ZBQ 107 121
train/p-EsmtpXmg8 119 66
train/6kX3C1KLNRg 182 22
train/feccCZ3gArU 166 67
train/2LXvCbf4kgw 34 155
train/361zo0DS8ek 96 157
train/wwQQtF68bec 153 49
train/4RZNIhMXoXQ 169 173
train/mc3vovTqzPM 162 134
train/xYGYHMnDhOw 70 151
train/Yn_VdNFUBFk 221 19
train/QU8kjqCHkUI 56 125
train/aF4VnGBI1f0 56 26
train/UpnFBPGFgnw 111 17
train/xvKS2c9PdCQ 132 41
train/EDSlUuAOnN0 171 13
train/nQAKByccn5M 69 36
train/jd3RS-GGsCI 263 60
train/0a4684ciJ6I 177 0
train/76xR7QGPF1M 61 21
train/lHv-ozyx0zY 146 11
train/tH6b-tDldhE 162 111
train/3Ihn5RYfJuk 127 129
train/ITqAHWRtSFQ 132 170
train/e6u5uyT1UJM 211 33
train/GSeq0Jm-3vg 56 147
train/DLEQeyDWvzg 109 86
train/TuNpfEKkbGY 56 129
train/hXadrx-iPfE 165 49
train/hRRReUu3LSk 18 4
train/NjNhSNUSqP0 111 91
train/e9ureCgZXiY 89 115
train/_kZFy-kM5NY 228 133
train/ASUDRGkdWWA 40 58
train/qPAbG0PWEs4 38 70
train/GBN--4CCwAA 94 115
train/dXh5S9J8BBI 114 135
train/WJaIIX92qyw 140 29
train/183x1eVbH_U 69 87
train/9eK3-GmfcQg 240 41
train/Y0zBwhvC19c 89 16
train/Ux4brKS0Sac 166 105
train/xS4FLvtl1_E 129 98
train/CI63ist9-6c 202 10
train/cri3d5JvUnM 25 53
train/xeL-dSKHDos 170 173
train/FvLK3qlFBe0 111 73
train/SgXW5j5FK1E 60 119
train/mB-952T_dtg 35 21
train/Wpzwelvjrzo 53 37
train/GBcpLBmPCek 61 77
train/pSF3OJpPTw8 296 102
train/6xW0Wf2V5XA 152 167
train/uTTl3JJ4qpo 87 87
train/1fKPV4Bwlhg 111 41
train/G825qJ9E1sE 35 67
train/65QCHZDXKmA 215 163
train/uUzeruQT8xE 250 122
train/98nJgs8xuCg 61 115
train/vhdEHJ1JTas 111 176
train/EP7XpiPqUO0 179 96
train/Y6mfJi-F4Ck 80 63
train/bRnfcj6OVyw 164 143
train/0S0pTheVpkg 309 73
train/35d0jgVGqbU 126 31
train/5KpR7i27Tlw 59 8
train/MrYYK4lRlKI 281 111
train/uQ34Hu-hl78 392 92
train/294imxUQTxc 187 124
train/f5xPvcQbvZA 81 147
train/irdAhqUhV48 89 130
train/1GyAocmHuqs 61 60
train/YNWXJ0D-BJk 170 31
train/JPqf7rXlszU 139 22
train/Veigm-n7D00 174 27
train/xwG560gyZG8 41 138
train/eixm9ebswFE 272 67
train/IjMnjumem-o 228 175
train/n_NNlJLTykM 102 24
train/vCUT9I6O_wE 285 153
train/_8qeGsaAvi8 275 172
train/bJewyDufo0c 106 94
train/ibvgn_3pl9U 209 91
train/JsVJ2wSb9X0 148 42
train/2iNg0yzIs30 164 121
train/GjXuBbs3wlk 167 127
train/ulQ6BrL2wDs 257 148
train/SS0LXIQEOGA 159 15
train/ZwTBXe0YY3U 287 31
train/qOqLWaCagEU 79 103
train/kD1jFbSDcD0 197 77
train/kE1HgUxYwxs 113 102
train/KZikQWjyyLk 112 143
train/Xo_kkiSZrZ8 149 24
train/4LgM_vPLP6Y 38 104
train/BIwfk7s1rSU 56 136
train/LW8-8pm4hZM 228 54
train/soObYKqGVXs 139 120
train/eziNax-1Oqs 135 62
train/x_ETanY8jug 213 19
train/Vl_VgzdgnNE 122 29
train/FCFxo3ETByE 238 118
train/SVrVOyAjl5U 25 119
train/qxP4QOUtnOc 301 99
train/cUWoEeXal0k 44 73
train/ONFzBgt2iXw 159 87
train/MtBtw4sySTI 28 5
train/VzEmLYAcX_4 325 68
train/n3Yv4hOVY60 241 2
train/CU7E3PfxC9k 161 60
train/fzH3PCk0YAo 134 81
train/FV_CMwWV7qY 120 177
train/HRXI0CwoncM 52 84
train/Ixq85iKFOYo 231 36
train/Hf91xoTzg5E 75 125
train/YjOBDpvcq9g 134 147
train/G5y7Gkn-IwU 89 19
train/lGOkgbdGqKs 320 127
train/Jq7_3BitPXg 33 65
train/AFjHgdyJYaU 12 158
train/bks1OAhtoCE 124 151
train/wOF2101d9LE 29 167
train/_puccnnK8Y8 127 107
train/gJclfGXfjjU 118 121
train/_g449lljfRw 63 96
train/td1baRdjbl0 162 68
train/NLeJVMbiVpk 165 77
train/T8ywACBNIvs 28 75
train/wSll69dh_P8 32 148
train/98tEv7xtgkI 163 33
train/arMaPCcY4n4 19 83
train/Z-JxQvvK_X8 166 111
train/8UIgbIvI2fc 93 178
train/HIa6SinJKbQ 61 129
train/r9qsd6nNXBQ 138 124
train/H7gUXmp8rug 262 111
train/nYYdbk3UyWk 276 59
train/N2fJP3OcyR4 157 40
train/M_GjjpKcJw8 109 169
train/hLGv7akT0qM 88 172
train/ZIEJE2vsVWg 67 100
train/B1dAuD1YF2c 434 9
train/tMRAEAHbBIo 53 105
train/KVvM7_bdH_g 637 49
train/ba7O-mMjg6U 444 49
train/W1qMxSbtlNM 93 37
train/KIanyNsP7wY 26 161
train/OhfkvZph2uI 247 90
train/wMiRtbZ4LlA 19 161
train/J8DK_To-hgs 84 75
train/jaCuOm9uNRo 243 106
train/1eYgUa5tuIs 163 121
train/avYRvVHAvfM 166 7
train/VY4UJnOfeYg 52 142
train/G2kI5sNco74 287 23
train/rfjqDe5zBdw 110 107
train/ECn6LcyrvT8 164 88
train/mQiMd0c1h1w 134 73
train/MHVumLPKbus 95 146
train/G6PsGYYpKn0 158 77
train/Jb47Qdh3PTQ 165 124
train/o_lE6iTUCEI 157 170
train/TVkPpFZx9uI 29 19
train/y4ujsMebaQk 292 102
train/gZhyJK_d024 296 137
train/iCsFgE036P0 86 7
train/NuveqVXy7PA 375 165
train/AMKDZ23DZaw 51 132
train/1JoZXGT1wtw 121 153
train/TaIBNR0m8Dc 53 68
train/M07cEJHz98M 79 69
train/2u1pXSr0meo 93 73
train/0nNiq6jwwEI 61 77
train/EktckfITU48 66 122
train/Dcjw_VlX2fc 185 18
train/AftxLSDFipg 75 165
train/I6qUVrkjdIc 23 32
train/7V8637PbNzE 79 43
train/d5FiqoypXfo 174 122
train/owasqBFjvzI 267 138
train/2ZFXHytg9jg 259 41
train/x_llOQFMjAY 189 35
train/TR_B1-WjzII 109 150
train/S1iftwy6IH0 25 63
train/lehy4PASDEo 100 47
train/zQ6l7pQ-r3s 352 113
train/OrUNlDahH_8 290 7
train/aGXov4T4xhs 250 175
train/GRNLbBlroig 75 67
train/DFw6ay52vSY 290 123
train/CchH4K6m3xg 197 98
train/87nESrIfpr8 312 20
train/Z7L4WpIX5-k 58 35
train/UgdNk2OYumw 46 97
train/kuLvaggO2H8 138 59
train/fXaNtU4mm_s 171 153
train/1HZgNuKvyjA 165 141
train/bO3-DRcp5c8 260 95
train/5NmM_UtM18I 61 171
train/TdEyBpSxBfI 151 84
train/F6cFCUmQ8ZM 105 167
train/NS0PkKUEj70 82 144
train/Q4bh9IeNCVY 41 175
train/KFjCOZ3oRW0 245 54
train/2mD4FNJHrc4 163 75
train/3kLmNYaHh0w 51 20
train/YOW8jDYQVlE 227 99
train/pzxz4unla3I 120 21
train/E2IvkEiB814 94 30
train/MLd1jmTkJec 39 83
train/bkOEo88Cqyw 300 140
train/ccAqcp_kaV8 257 154
train/CbX4gcXN60A 197 115
train/EcoUr-DERqI 213 159
train/s4vsTTUP5yk 353 101
train/i3-GblSoNCo 242 101
train/x7E-jJgKdzM 133 98
train/kJkruIC54oA 85 60
train/AwpmN4_keiI 65 93
train/QQ9wlhj3zm4 274 125
train/1pIVbDlhpEQ 186 72
train/bnDB2kldaKA 140 63
train/tPS4qwKs4Js 171 125
train/kS0PtcJPXtI 191 27
train/42LmZl3eIyo 244 15
train/HhFlenPR7t0 280 0
train/tLnIM3TTMYM 83 73
train/EUCFW3w0c4Q 255 77
train/PnrE3c_g1Oo 150 148
train/GvA9-PkK65o 242 133
train/8sAInKotOWE 206 149
train/ilukp2NnvLk 292 110
train/2KB6y32ivYc 274 73
train/edVUC8inJKo 54 11
train/SLXZk6iyea4 284 99
train/Fgbu7_jRXKU 165 165
train/1BeAGQRnf8c 26 119
train/1_qgl_e9rDA 171 22
train/v0PERX-KxRE 265 152
train/aa9DUgKnRCs 32 148
train/Dm_MsttWaSM 118 106
train/LYadPnI4Nm0 264 19
train/pjvf_Owpoac 135 30
train/YIYU35vUAuE 92 78
train/uYmlr6FgaPY 174 88
train/nk-PKZJP8JI 35 65
train/PeENLZYlJS4 161 54
train/u0SpXGr_elM 113 139
train/KdnkY-ME8GY 67 114
train/Jo8M0jX_2K4 80 27
train/V-B_OdflEYs 163 70
train/XlmyaQPoFfg 268 26
train/Zx0zKkl1Qco 197 29
train/fzEggngcWeI 329 43
train/pbj8u3Vy1UU 54 48
train/NAFLJ3NIyas 245 154
train/UG9fKa7LbsE 350 87
train/dUr56XLOvLY 190 27
train/BuPtn-ub1wI 61 156
train/BOeVgqxP-XU 34 145
train/eP98ECOqQLA 162 10
train/fSwka0w94WU 145 35
train/NZoiGxOlSrg 48 8
train/oNTPQyHpxPE 317 99
train/Ixl53rgPAw8 67 21
train/n83pwHvoQsA 134 52
train/pb8463kSCuM 201 87
train/uJu1tllNjbQ 109 11
train/aM7NJGG7aLM 246 111
train/UV7lhe_TX5s 29 65
train/WJBNF-7wcPY 126 99
train/2wSlSC1h8W4 68 111
train/8oemgCDU-ZM 71 147
train/2c9Zq9YqIAA 306 17
train/hhlUI9ry2JY 273 15
train/GOUuZVjtFjM 78 81
train/NZ_5TD0l_WA 137 20
train/MY-NItYJroo 89 175
train/sPBLyKMsXv4 66 58
train/PtN7KSBBIho 94 112
train/M4Fkwht-fDk 179 39
train/ijGpacAwFJw 75 5
train/Q0v9ihKy6h8 61 168
train/S4j_Y7fzzI0 167 170
train/rhnsrFWEAbY 139 177
train/uH4VhFGCH7A 145 174
train/wyZ8mNzNdok 150 47
train/MA1I5oaWTFA 51 140
train/jErvN8Jzixo 171 22
train/LyuK6qwlqBg 164 109
train/pBhxpyNZlMU 152 117
train/GIxb2kyJrO0 56 119
train/f7uM3GezZ6M 80 63
train/JwGLQS8_4so 71 33
train/FBO0sxzhqQQ 53 11
train/mRRUmBQ1Fb8 63 129
train/ZMFBP6dX5fY 75 175
train/ivsfWw8aLyE 151 67
train/JtLIZ6ne1B4 284 44
train/OT5VW9iNxZ0 70 156
train/PGbCSpkqqjg 50 159
train/xjlappnagSg 199 95
train/Acepf5ZKNgg 135 60
train/I9MHie6EyYA 130 163
train/8tmacxpopc4 129 70
train/b7fpwfEYS_A 147 3
train/w7Xu48migJk 54 0
train/TSKVxm8xw4w 162 58
train/Qysj6ECX2aY 228 160
train/ztPrAmw1iUY 242 136
train/EtCfrdA5qAM 134 99
train/5XLY87zaot4 123 20
train/YvCydJHWo7o 292 40
train/ZfYKpQYm8p0 192 124
train/2WpXtQ2lYaM 127 145
train/v4iX0Q-R2wc 55 143
train/1bUesL4MDas 241 35
train/YOcAs5Q6nX0 231 74
train/1JK9hR_Y8Mc 140 26
train/gn0b1Rik8y0 171 2
train/f_LcZXmTiO8 52 71
train/UKuSx6QP0Cw 379 88
train/uUcpzHx2ZR0 162 22
train/FKGjPZ0_8r4 50 143
train/Uk0s7zqrTOk 73 136
train/2aJwvOJ_JDg 165 123
train/vOufXE9tgOQ 54 177
train/XMR3fE13mZI 258 19
train/eiYqC9tAjoM 171 106
train/gZkvFE6EL8o 257 67
train/ZOczr9WCVig 267 100
train/ojRW0HU6SZA 104 103
train/Is-5GAJ9SFI 322 102
train/HLc-7CdluuE 196 9
train/ZcxvANJsXz8 205 18
train/hoQL8rEvS2Q 293 103
train/JTUT3hkEsIk 29 12
train/IymMZzBbL8o 132 59
train/8j9bUbFFet4 120 149
train/FmUjJue__Zg 61 95
train/_2Sj5abMtqY 165 58
train/hRLjsK_Sl6Y 15 124
train/ZlLmRG-Wev8 288 99
train/XViKtv5yd0M 162 17
train/nTG_ag1Ou1E 267 86
train/_MC-7EW7IKo 135 119
train/GVcJKCksqJ8 169 89
train/VtvYHb9rez0 101 30
train/SZDSvs-1dp0 87 13
train/D3oohSdjwKU 86 86
train/uHARk4xQLTc 67 80
train/kt77QNfwcHQ 120 26
train/48xb02MT-0k 274 33
train/eIfuW2Xozoc 140 149
train/zg0aB1xzyO0 145 147
train/Ong3oLo72bU 162 58
train/WgjC7nkp_8w 66 167
train/tJO7YDedTvk 87 136
train/pCzbvJksehY 246 117
train/scv9tkQx0Uw 263 47
train/GGJQKkCwY-8 263 87
train/mSBoHfYVo60 51 64
train/zf3dhxD4Hwg 248 116
train/LFl5VuTDmSM 86 107
train/T6RUj-IQeqE 257 69
train/cv0zbFU2q_A 176 172
train/W2ee_FZk2YE 130 22
train/16dypo70Q-M 202 1
train/QNrWHXfUIrI 120 29
train/hItAMbzCYX0 182 70
train/lU6lgzTMfSA 256 168
train/fk4sJU2jlyc 53 140
train/OXLu_WI6kXQ 162 70
train/nIH4CKFwD94 235 169
train/_h8LyiMnbA8 172 75
train/HfYbUHnfGcg 229 127
train/wrtNNcoKFw4 221 161
train/kwc-9mFSmm0 189 92
train/AfIhgL3fTHo 152 169
train/X0oz1RhcN9I 168 149
train/0iK5OVhs9Hw 185 151
train/ZQOdU7GnaPA 118 30
train/3-oWqeA_hc4 118 104
train/7pyJPFaUpRw 163 141
train/Ntk3K84wDDY 85 37
train/9YC9myVlEsY 56 176
train/A-sTs3EWUNQ 186 85
train/4wkxJSj_qf8 238 92
train/ZduR-6BSHWg 65 96
train/GVYUh9fRyEw 74 47
train/6outTGrqgOk 225 30
train/_B_ty5M4WO0 231 163
train/oBH-RrE2iVc 149 75
train/s0mn6LoU1kA 169 11
train/OAMEvE2ixlQ 142 102
train/8Qg395HjqFg 166 139
train/vVJR3lW7t_g 56 175
train/4_EZh7Rvsho 258 84
train/3RUsR3cXRos 183 35
train/AgtKwW6zA_0 328 152
train/dsvzdTkg9Bg 167 121
train/IkSZA2qM33w 129 35
train/ZJDKkrT9d04 147 110
train/rzR2xuDSagg 166 167
train/KRWcYsJw7Qg 217 124
train/-6uDJFkJeLU 340 41
train/J74ndIy2CpI 270 5
train/c6yWUN5xpyo 41 46
train/hqQLWgQgzfM 89 130
train/QFAEoI2RQS4 73 104
train/mlvU4-LuKwU 163 90
train/S44h2pdgIT4 137 61
train/etfQ2p9Nuzo 178 151
train/ctDtjPcBIGA 66 25
train/c9AQHabMPts 166 119
train/P_ogGt8YTSY 394 113
train/oIiYGiwZVQI 166 126
train/Zy40-u-RaUg 82 33
train/X9khARrsW1E 127 88
train/hSOA-LwnPB4 56 73
train/bSLOIaA6iFQ 304 48
train/vh3oSAAYjRc 198 167
train/8GTQOUbBSH8 189 41
train/PTWsogtWCPk 224 120
train/JJ75zIw_dSU 81 5
train/CYzUsAKABGk 282 24
train/PYf4gSvHcPY 190 54
train/SR1Cn6N_jhc 171 140
train/zpCskyVkBwk 168 42
train/tiFmnwRFGG0 153 24
train/krzGFlk_maU 109 5
train/AZzBkOivaZ0 240 122
train/uDpHJbGXUck 196 84
train/LiHW3knUL7Q 275 34
train/p2ucuqpX00c 272 22
train/zumvw1sgPi4 201 165
train/ajQbrXZRhDM 125 132
train/BnbLI_tLpLs 302 15
train/jkVUHloIM3U 74 99
train/yRhxMupfats 195 49
train/WDAs3PmdLd0 334 147
train/hqaW_RjWHKg 265 178
train/UMVmVuG6SI0 287 1
train/lOKwfz_wMI4 35 12
train/Rn2GFRppsdI 139 49
train/Nzf9wC8Pp1U 69 66
train/Ehf6HL0aLTc 168 26
train/2r3yNuu7Sk0 49 112
train/-StI6kZFc9c 213 93
train/cUuFvw4pMkE 168 128
train/5lx8gqWv_sY 64 146
train/U8ERP58FbiA 219 112
train/hazcFSUJkj8 229 124
train/8pPjx0Uzdn4 41 144
train/qKA14aPrtn4 101 163
train/41nJWfhYY4g 76 137
train/GKWubxPYoDU 477 49
train/_-9fjo26xjU 168 86
train/6nird3RyNEw 51 99
train/Y_TbMB5z3Sk 128 141
train/mT12R-x7uco 216 35
train/0dK_oQpIMPY 30 111
train/IrH6AjONBWY 115 138
train/dCY_nJy6H8Q 43 12
train/pWZGMMZwaNs 200 27
train/M3mKAlnRtV0 57 82
train/mbY4eWOcB6c 133 84
train/JNmHH1LI7PA 252 125
train/_0r4LWQLFqc 343 75
train/s83rBCzQ5SE 185 100
train/opCCYCakUjc 66 5
train/rYfkhdKcEiE 44 73
train/EPfxUUHSlfA 97 61
train/AT52uHnbOZM 225 8
train/6i5a75EUReM 294 156
train/Ffb-swyVTTo 48 53
train/J_r3nIeOLag 121 163
train/1H7_Nl_U7rw 247 74
train/i5UTmn-wdRY 113 5
train/MaM8uKLv4mw 279 56
train/kflVOTbKI34 297 106
train/LinPzy1wZpg 102 39
train/cQ4aEdBkvmo 133 139
train/VfXMuxgoVm8 81 130
train/cm6Jw7V2Xi4 137 152
train/OZMKua4LgHk 162 59
train/631s9K0x-fU 53 78
train/lOxBOYXFKxY 109 77
train/31JV3oxPhNw 328 110
train/dWs023QgvOU 260 81
train/bFqbB25b1cA 297 17
train/PEx75g-WMyU 60 10
train/uX-vnHeGcoU 138 98
train/ir4Gg54gzd4 162 141
train/XYW794HBhtA 169 154
train/euBCFHIaxGs 175 27
train/Rv0NPTEPPqY 119 160
train/5aL7j1MfPWc 247 87
train/ewRivsJrJBo 17 54
train/Z6T06beumcI 280 15
train/rxfCqoeQIfY 61 131
train/j2vsgBGotO8 292 40
train/b_SXS5qeBLY 51 142
train/rZoWSafRHi4 356 76
train/tP3gsPckIQ0 86 48
train/6MfNRvLQNls 163 8
train/RQ26masias8 205 156
train/fzWn16M-5gk 55 35
train/v-GQXGBN8E8 303 136
train/dEEXtla8ReQ 168 104
train/xCNqUcnKRSE 147 144
train/eoCsYSD46bw 42 114
train/9eT87s105NE 313 148
train/IfZI5EtjCac 188 144
train/ZnYwh-pHPiM 168 71
train/C_jeGa06zOM 180 73
train/SBBPnOFgCRI 132 16
train/wiqtwzlEOJQ 228 168
train/1CiDXE_mYyk 267 5
train/V19UTZevnFU 197 57
train/XIWlYhYTuyQ 244 22
train/7vzNQXVBtRE 98 169
train/fDpgQ3_8ooc 209 1
train/ouHH9Myw388 94 62
train/LnogHwL3SKI 164 150
train/5eTZLn2FAQs 189 147
train/_tx3MB-792E 192 168
train/m_QVCsIvgSM 335 3
train/_98_fF65igg 252 143
train/y9WSi7L45Co 118 157
train/8pNfIyLasLI 131 156
train/DN8ABIYuftU 51 64
train/sahVjS4wpy4 300 110
train/ldErwxVSbeY 607 160
train/VO2M8OoKHmc 243 16
train/ZZx5-vyilRs 67 39
train/NNPBVNBBU04 85 82
train/k76O8FbqCww 165 45
train/tiB70M8PFuU 132 176
train/DzMgteRz2MQ 96 99
train/w3j1hVnKVpA 74 74
train/tWDeUVtTLoA 186 13
train/MWM-CsON8D4 85 37
train/VHVV6uDF408 59 3
train/mqtq1d7dcO0 93 164
train/3SjCitbl9Ss 163 34
train/gmDKtETu6sc 189 64
train/ygS8AKvmeCI 157 139
train/2O3ICqvyb8k 186 114
train/VNxagZPCeHY 31 8
train/8XRXkR1Q3JI 269 39
train/JdV6Qlhldcc 69 149
train/60kiH0tz1Ck 89 66
train/X17SaHKMysc 192 85
train/37VmP5XQdyM 88 178
train/qLkRbPYexFw 57 71
train/fByc1AmnS8M 157 24
train/u7MVlLjPrys 105 38
train/9BkxFMngvho 246 63
train/EB0Rq2QmtRo 383 160
train/HjrPNouP340 76 128
train/ozgQRSRy6uQ 106 125
train/4c4v_5jsoJ0 18 157
train/_AdH13UryHM 64 27
train/e1gtgMczUwE 215 126
train/CR-Gfa9vmBw 83 147
train/nm5zAaZq7fU 32 149
train/bLJOji9W4PA 187 163
train/ZTb3vaH7JcE 89 26
train/Emz-QIAxukk 146 39
train/apbBYXjNXpg 300 27
train/J0SJdtG3P_c 53 137
train/xdPjpwQT1cM 206 112
train/FbQYl834MdU 86 24
train/5-jaAkl_ZTo 350 163
train/ggzTum7ogkI 89 101
train/TXdjUkS9gAs 268 44
train/UekldeA5JHs 34 7
train/DNspjMsDNAM 132 173
train/y1xfA-VVJxs 102 160
train/qD4S-NJBszs 76 90
train/TM_uRr3MTcA 150 69
train/IO8cxaQhcDI 152 158
train/ClrNXbkO2Gc 99 94
train/K9jv89ShE9k 243 111
train/PNd7UJAAK_U 145 48
train/UuJMpPQ00e0 162 114
train/HHwEuibV_io 126 179
train/-djWPMSfpZM 198 125
train/7-zXeGYzlsU 303 152
train/qRUKlnJ8pCU 115 17
train/jwFQu_beN_U 114 58
train/KOd_Dz0Mfjs 171 22
train/0x6dSjkl_Ks 301 87
train/uC65TwJp6u4 50 23
train/mH3UzcWghvg 232 5
train/9SaWJW76fi4 264 163
train/qKl9r7QG-SA 266 119
train/0V4GujewPC8 81 64
train/VUliMkNKF5E 165 148
train/3UD5PhlsL2M 149 84
train/6s9MAFdSqlo 105 115
train/SJmvZUOx2s0 150 23
train/HILRf_x-2Ys 59 33
train/_dvGdbjMdos 374 33
train/4bIVgAux3R0 133 55
train/6SXzUq-lEAE 290 111
train/DoZPfXXfQk0 258 169
train/AduxV1PjTSI 224 78
train/wFBIvRAvEnQ 243 131
train/e2Ke0TSeSk0 139 84
train/9TQIdJr7RXo 121 69
train/Q-uZmFWzenM 371 21
train/x5WXN5z7tbA 133 88
train/Ihhpvrh69zk 146 84
train/fn4nug2Z1r8 344 110
train/u-rxJkVzUxI 73 14
train/KaT-3Hnmp3c 54 38
train/LWQJ9TJo1B0 169 15
train/lmHhd8VjE2U 138 7
train/M6L0kGxMQIU 165 75
train/tfEAzVn1NYQ 165 87
train/A8doS3qA-AU 210 125
train/wBL39y24Ayw 145 57
train/YSj3jUEnVb0 240 116
train/S5L2PEKOnT0 167 11
train/YsFKfA5CphU 220 78
train/_eRIX6IpiKw 238 72
train/uIEQo5VJv2I 32 144
train/rKQBBrDV568 209 109
train/em_M5F3M6SY 171 132
train/3r8fKe07qSg 31 47
train/WjfiCkPCD68 54 125
train/1AC_K9BHnpI 324 139
train/yLwgU7QRXHo 236 177
train/jN6Fn684qGU 366 154
train/D24nQJBi3Cw 53 5
train/v14l-KdT9w4 287 103
train/yjVSn8C-Q_s 118 5
train/3T7pExG65KQ 92 57
train/jmeJFd3QDbU 266 121
train/Rv67Pynwu2A 135 147
train/-ojltkREE1c 316 126
train/NI3qmPJUmng 88 79
train/6axaCwxaE2o 186 138
train/lx1U1cpaEe8 80 172
train/O_QFMVwQAck 160 57
train/iRovk066kXQ 103 172
train/GOlrR8nFG88 162 60
train/LRFDTqF2-FE 228 95
train/xKOitPSWsE8 340 126
train/wGRDMsA17H4 100 69
train/8pOi90o2Png 62 45
train/NtNbTBdkCls 162 129
train/m3YLEnJ1Am4 120 12
train/uCfJY8Lesac 111 71
train/MgjSPEMQPq8 240 85
train/INMUrGdA_RA 112 17
train/QdgbKt0suWE 143 174
train/uX2Q0JRf1f4 189 50
train/g5HH7hRO9f4 170 169
train/1xGSO65CXbc 186 139
train/JU9jpUDW_-s 298 139
train/o8WD6-C5obo 267 59
train/_GxIPMcSnNo 127 16
train/SDzfkrhtG9s 208 57
train/cPmPYw3lzIw 56 58
train/FRBN8q0_Et4 255 26
train/i26dIWxVFEQ 73 18
train/ClMgXmmLIFU 134 119
train/LeWZXpLK0EM 141 60
train/VSjm5Bw6OMU 168 141
train/IIgIhE4vE6Q 96 146
train/aHzvrbO6jJg 337 124
train/0WaR_17HkTQ 47 171
train/1QR7TzyCMO8 328 88
train/nVwQJfek1_Q 297 45
train/k6gBlPSKQ9o 166 42
train/JM70nOceth8 133 129
train/2Cqoo23X92I 294 1
train/Rb8jVEpH1xc 180 163
train/3e8tvouS2uY 52 102
train/E8GvvKbA7Aw 29 12
train/k6fjzaA603U 133 84
train/mK8TTbwBXcY 67 32
train/N5q3-4PQAZI 86 79
train/46nRKacPWPs 276 170
train/sxvEQdr4cjA 94 59
train/VLT65x5Ii4w 137 36
train/QjZ5ohr7sGA 130 17
train/3GeUzyMpcsA 177 77
train/wZ7G6PelVvA 174 119
train/jPQ87J_5qyw 308 140
train/XyHxpXxIxjA 179 171
train/shmLNKXVGtA 19 142
train/wPGxAEkjBmY 59 162
train/bS0hUUYsr-w 98 106
train/PvBi2FAW74g 32 97
train/KtMPf9Y1uJQ 13 155
train/shiQl90MgNA 286 24
train/8tuchXMMMws 72 24
train/Hj5uvuzONlU 52 103
train/Qbn3OhBATi4 52 4
train/u-wiTm-PIoo 166 66
train/VnF4IRIVN30 152 78
train/QB8ZNOWbZMI 314 30
train/cRvybuavvPc 197 127
train/xXOEq0OMpyc 270 132
train/cYmSPQxj6sI 123 82
train/1diWast7uIM 267 132
train/ht9SqRSBI1w 174 100
train/FN2Qa33Vz2o 185 15
train/gS85c_tlrl0 343 110
train/Wir8dD7CYUo 66 6
train/8W0HiYoFK9o 135 52
train/KLasEFTEkPg 173 81
train/1IMcRgdmTPE 95 56
train/8Zov1oVGVrk 222 5
train/KQJALywkB4U 248 77
train/zBFH_uLTOCs 162 40
train/avKVBGGqrKc 153 71
train/wYHuNMPb2o4 71 66
train/_WLNQIVDkGo 148 5
train/qjbSFQjRFII 309 40
train/oTYuEbPYr7o 330 110
train/wzJeI7dp_t8 239 34
train/RAx7TSn2t5M 31 175
train/WBM3v35qr30 157 56
train/LaV-yZWLzZU 797 76
train/QqWW3ob2c48 149 126
train/a-NuZKpUT3g 31 134
train/zEBIYyTvRho 57 137
train/kMLMpuJpP2Y 238 102
train/XEScEILRCtk 73 19
train/lMTsVxJX6RU 64 129
train/avEBVTvYePk 200 143
train/WwYjQi7XTXs 268 75
train/bqPv04JGnZc 268 31
train/VXE0uxAOxBQ 159 88
train/ZH4aUXwIQus 310 15
train/7TA4Whui_xA 164 105
train/l7WsJBIGeJU 249 99
train/8VfIDw97aaw 44 176
train/Dn9ZyZ_vobU 65 162
train/l0EfWqomlgs 48 83
train/SZB_L2qY9YQ 52 134
train/xr43gWDIs5M 224 106
train/3u8CjZdRk2I 114 18
train/A3cgqmVVyqI 90 11
train/lNO3PF1F0Ok 108 139
train/7n718jx4UjM 71 91
train/wmp_ldTiQMw 151 117
train/tnnmEdIRZAc 228 147
train/oAz6OE1ZcZA 736 76
train/8RoZsDiAoMY 262 127
train/KXtoCgaSVVM 65 89
train/6xxyJUHjbOY 29 82
train/zMeuZyySxww 203 143
train/sn3La5Xl-Fo 418 117
train/yia4uz5F0_8 189 19
train/Iptve_8dmUk 265 120
train/QFY8D1hJBhM 303 107
train/yQ0oJE2_HJI 42 157
train/_b4NY7e_j4c 97 119
train/nYeGl8cbXKE 197 17
train/91yptM47Uww 288 111
train/UeH0TCDAbSU 164 165
train/vwlctDw5yK0 61 103
train/dUeIYQ6v86M 394 173
train/h_FYXt5xljQ 89 4
train/ovRKlO7wmAQ 241 131
train/UI2VCuWugxE 150 1
train/hXSee4C6pyE 96 16
train/9JRcMVcDSG4 220 85
train/Yy6C5rqIdiY 136 149
train/xY1A-d1bxZg 42 130
train/bYTlqox3aA8 114 64
train/tuZxFL9cGkI 93 20
train/kj3_RHpKJKk 156 65
train/cfLLcZv9Sao 162 170
train/v_poWYR5TVs 230 27
train/ZQ4bekfbEmY 173 146
train/QauQpxsS-2U 274 92
train/We0JuutVSVQ 62 170
train/GVTQJfBaXfk 125 6
train/8yjkGO1kOZY 147 35
train/4wHvo8CMApk 149 109
train/nTtOgI3toXQ 18 5
train/kA-Ybgo3iUM 164 22
train/RV9tBME2SyU 131 59
train/1Dsy-5NzJFA 197 126
train/rOIfcfBca2k 161 20
train/TrecGNZMMtI 239 106
train/kAJ30GkSloI 169 121
train/7U_w-qmK0qw 88 130
train/MU0JPr49VM0 178 178
train/dSvpZpb_7jU 135 59
train/E8x5I9evcCE 86 123
train/KHQelgwIyJg 273 59
train/JJKduL6qIOI 58 20
train/cX99sVVNz1c 34 26
train/1eGU8_-JjAc 41 175
train/_yfyk8-u7Tw 176 75
train/DoSjm63MpDM 109 29
train/1yImc0BQ30I 197 153
train/1ZdtSLjp7Ts 70 83
train/ZKlNLjmoiyA 98 15
train/3qdRhcZp02I 112 106
train/mQs2NVut4R4 164 63
train/lS0mgPabVaw 279 8
train/vpeQy9x1YAM 222 125
train/6I58j3YIlxI 274 110
train/UB_0He1sNw8 125 12
train/YW4bsTsXZEE 91 49
train/WAtE7d_Gky0 270 134
train/uBUcTsrvYBw 120 25
train/rHnmrQIQoZA 166 1
train/rb7VMWD44Jc 172 11
train/-bJ4vcmad_U 37 162
train/OvpdYRbtQzE 277 10
train/sOQ5e15B1H4 168 34
train/aZBrIYGAZxQ 38 162
train/W1vRlTmehOs 140 13
train/l3VaprVk3uo 231 27
train/us8YVd2CkhQ 334 110
train/IYydmbBQa7A 73 107
train/hpMAvtzOUSc 197 75
train/u2f8sWGH0kw 241 140
train/mSgoyLaWt78 262 44
train/qwlMylSx5Eo 28 167
train/hN0OplGok_o 170 119
train/CKSuMZ3RkE0 175 147
train/AyPNZspNSWc 134 104
train/o7u1AAApQmo 25 9
train/5ppncLG3WHY 69 124
train/4g9Ak3v7Dgw 50 28
train/xOlFE_JHCqQ 325 15
train/jhkXfjMuz10 153 130
train/Madpu5b777c 173 7
train/1plFqyvgZ-s 146 160
train/TdwIjPoIpH4 111 104
train/2Jd-pZoMQ1o 113 168
train/TLnhXE91rG8 328 139
train/3RokBwabGkI 172 47
train/GJzdgSRZFPo 135 85
train/GWqd8i13NIo 125 6
train/LHj57PC_zoc 53 164
train/3sUGrp2V-6Q 70 130
train/cN9tTQNbvxQ 175 67
train/LRr_YxCAMXk 127 147
train/82gclyop_0U 242 49
train/P6OqaIM2s7M 272 43
train/Ql0H19rhI5E 95 104
train/YumeLIGL3JE 88 164
train/vjcgzQNExv0 104 35
train/K598NStzS2s 29 83
train/MVJNbR-yHfs 119 22
train/IIGOzlQOqo0 282 113
train/xn-SKr-9Nrg 182 119
train/_1_dgZ4-Ldw 269 20
train/T7oPajXxEgk 262 1
train/zDf21TM39_Y 299 121
train/6riCgS07bdM 63 20
train/2ztfPuoU28Q 34 117
train/LpJv8tO5Am4 162 57
train/OCMiQqPiUqs 176 95
train/QJ714s3ZSn0 320 104
train/lmJ4edRN848 92 106
train/U17jQxLGZPo 68 130
train/BWfXdpCT6UE 175 131
train/Kb5MIpI55zU 201 163
train/g7NnHuZgJUQ 13 158
train/haldkF2_j4Q 60 114
train/shsY7FwcCnw 82 140
train/xkB7dFjSzHY 168 126
train/oKVWcjnXitI 60 26
train/yRf56KLrVjI 73 164
train/2OUntondSkI 262 57
train/d85jmLnigAM 172 124
train/OyGPn0RdYiw 277 92
train/opypELA-Prw 378 122
train/5FjOwAAr5AA 38 93
train/Kofjs0rkwxc 198 139
train/DITF5AOo5iY 55 46
train/TMrO_-bsooQ 197 14
train/f_F6T6Jjfhc 86 21
train/t8zxoEZS2lM 75 51
train/37kyB2nQYIw 109 42
train/STjOfe3evvA 25 67
train/mjGS53m9wp0 89 85
train/U4BgTCdvYig 354 102
train/ub-HzyM_R8g 150 17
train/MqvYp0LI-Ns 217 66
train/l_8nwwH4rJo 103 148
train/6X0sOBNAKKI 86 137
train/5N0GDp-DgUM 53 95
train/oTRGbFPR-xk 97 48
train/IfKE5WpFWOk 273 43
train/Z8gxDSZRbig 171 83
train/jGM8EImhpXg 86 148
train/6TbOQtcFjhk 130 85
train/xTQkIgOVNfg 176 173
train/ZNjVL7XfOYU 61 90
train/q7V2noPJ-Z0 40 77
train/-u2TRtyNO9g 39 90
train/G-l0ore9EH4 329 143
train/tAF0a2HELHg 115 119
train/76B2Cq24PDw 70 176
train/FCb9azMiJXE 149 47
train/Afh5gTLuUHc 228 27
train/wsyHcu-Ztqg 41 149
train/ysU-TUSEVVk 298 101
train/V7C34-4tBok 69 171
train/AgDglqNkpBA 134 71
train/rYo89IjZaTw 131 136
train/SPekNIDEmgo 198 22
train/GkrExxyrZIE 110 111
train/tQV6H-VScQY 45 121
train/MLgjdf7t91c 281 100
train/DYWL4hWPGMI 176 71
train/iCVvgLCQH2g 351 152
train/1gD7_NF7O84 100 14
train/SNVtRScD8RU 187 139
train/2VXI0mv6YBM 105 111
train/hXyf4QwE5zY 270 106
train/o3oTsYJGXSU 212 98
train/WRd1ph37QbA 217 148
train/oQww9QqVwOw 171 89
train/dEcFtKqewag 284 100
train/0I2B6G0ZFEw 134 33
train/BWAedc31WdY 236 2
train/15WVZ-dvuw4 57 27
train/Q0IfGhYxl_U 280 119
train/pGBIxmxf4vs 181 85
train/SjK1xah4EtY 137 125
train/kXxqjo5NunQ 23 149
train/lrfdjiSOC1g 53 54
train/ljrC0UF4e8c 183 40
train/lVP6a_9bscw 30 176
train/rnd9MYApSzs 211 15
train/eqn2VjvpWVE 196 173
train/JW9BS4e2hUU 198 0
train/vnshhQ3ExUw 64 58
train/TQ8B_57HoRI 81 92
train/2VvcHvFpZhM 329 173
train/PPaUgaBor2I 129 155
train/krmVd02Mlhk 105 119
train/W6Axgxzphpk 26 158
train/clr18H13vOQ 49 54
train/XKke-PYM1Pc 111 131
train/5BcW3Q1vkdw 367 44
train/-9YRqcF6fdQ 173 35
train/UCuDMtIpl50 237 132
train/b8d0gpsXzEk 44 142
train/ab472a40-co 665 76
train/KT7pv7ke_mc 35 66
train/0eGThfOYsrA 158 118
train/-HTZWu5gIgs 140 84
train/E7a2uwCwg7Y 153 177
train/2UzK41gGb8g 297 170
train/69DiRIjYCfA 190 87
train/EZDl-lKHfro 88 101
train/xSXmTNOc0GQ 120 35
train/Fdnlz4EEP08 211 2
train/3_6evBYjBwk 137 120
train/eIvohfrDRDE 174 54
train/zbMx2zmGIKc 277 128
train/V08eIsVOq0o 203 131
train/VLQQVNIZQqo 53 161
train/FveL429lkpo 238 50
train/7TptqsraJak 263 42
train/YkjHz2zW6nc 403 16
train/15eB6lgwnzs 307 140
train/DbN_hxAztQg 288 22
train/hJtvmOJBDAQ 317 137
train/d2VqrZbbFZc 17 68
train/HC44xjs7dho 265 117
train/M7co7kfJk0k 141 15
train/7466FVrIK4A 53 50
train/k-0_ZLJCwrU 18 77
train/pH1A8yZr3Ws 38 52
train/nTKgeYU7Cq4 163 94
train/W0qX_29zrMY 132 137
train/gBbiB_P5S6E 166 146
train/7s7jUxejKgI 56 60
train/vRpNziSU42w 191 7
train/Qtn-d1TC-c4 55 83
train/OUBZCr1o-SE 163 176
train/OHCLCTFJFlw 111 58
train/cRUX7Roqxbk 64 58
train/7gBrLrFDEC4 170 149
train/No6zk-LKQVM 195 163
train/qnO2tF9AR-I 164 104
train/LplUrxhsuW0 144 70
train/V5zVRjmfKtE 32 70
train/7tC6kPpZxhY 294 87
train/e7p9QHRmd4k 171 41
train/gY98i3ukgwU 327 79
train/zPFgYoDuZ3k 105 6
train/TGvGA4dVXFU 63 26
train/VBXfygWz-Mw 285 84
train/tMTCYuwtxZU 75 51
train/MSKe3FEwZRI 98 38
train/ijg-qlBwG7w 214 72
train/8htEhw4mOaw 31 48
train/U69PqCiSsHw 52 82
train/2ygcU9IYGac 34 28
train/qgKECWbLRek 71 83
train/v4TjtJdnS-0 69 42
train/L8UYaE1o-LE 48 67
train/GGP7GWMFwDI 41 130
train/ye28n_aJspA 201 47
train/G4GTYTqPJOo 240 13
train/SqQvObJKaV0 309 173
train/i-rz3hV9s0E 483 113
train/2mn-mTa6ans 68 78
train/JAWCFmbBjh0 161 64
train/ytooQD9HKKw 334 110
train/I3I9UaStYIg 132 57
train/INE4dUrWJ_Q 226 66
train/EfpdTuZzK2I 257 135
train/g3b_MXCFisU 136 37
train/wjj9nlXRK30 104 75
train/0sqrgxQQkSQ 58 49
train/53UrFZfWsfw 148 168
train/ppjSq5todT0 191 163
train/F8kZtSJRZuA 189 133
train/ecO_q9gwYvo 75 130
train/cjri7jrw6KA 204 42
train/gImcMO5dzo8 123 136
train/HvI-QYuULQA 41 63
train/cumleBE8YCI 260 162
train/rCRDjxlFNHo 102 154
train/Pl6Vc59MilE 25 24
train/BDuGnm-3j6c 41 142
train/tpNZUJVo3bQ 18 36
train/xgQ4kjVxWoc 370 110
train/8aOLvCsGUiY 162 133
train/zQqFC0BrvVY 81 147
train/Ds8SY6yyUCk 48 67
train/m6jZX2euJRo 61 70
train/TiI8UcSKnqs 135 151
train/D_6tb68HbHQ 61 51
train/Ffqf4PY_TO0 127 42
train/Yx02Vxem3qY 22 90
train/HMnJie42N2I 187 118
train/GUtO1JVtJMA 67 167
train/_ypfuVHb3L0 83 124
train/Z2I9-cwL1wM 317 90
train/HqPIui9Bfg8 214 111
train/L5kJHhIIgbc 71 119
train/MYOthQExOEg 226 14
train/W9fFZhztlX0 172 121
train/G3TRNeP5WQ4 394 17
train/3FGxEYWAPf8 162 119
train/tuYag0JZWBE 138 39
train/CHYs2jygPpI 176 138
train/_xGChohjZSY 167 31
train/5FgUs8Ajcd0 109 127
train/Y8wGuNassfc 137 44
train/g6luPxbODw8 216 15
train/CTOFUi-wetg 39 90
train/rUu9fO5Muy0 269 152
train/QSNnYfP2uGc 19 82
train/zGGUdppp-P8 88 69
train/6agEwLJ9aeg 86 175
train/thzfiVEYt18 66 82
train/4kC78ea4c9g 120 69
train/81BOAq3Duwo 369 100
train/IR4RRpaLRsU 68 71
train/lmWTkAVmvZI 55 155
train/et_K_gJ4Pzg 44 60
train/aHTrG54gj28 274 104
train/riDY_Juwqr4 158 102
train/2CDl86aTjec 278 134
train/MS3OH8Vp1hc 273 51
train/MLsNH-IgdxU 234 17
train/ML2Fj2epGQ8 340 159
train/ZhO8zLxiy8U 201 170
train/NBzy_hwT1yM 159 144
train/_b5WTodsY84 171 78
train/Ru9DCkJBE6w 224 74
train/62MU3nTZ33A 104 133
train/2-NLYHb4wRI 257 87
train/KftPwi-VtOI 163 127
train/34vTRvf_7lU 140 70
train/6r3qgd1y5KE 222 114
train/56DAJqWT-xU 81 168
train/nT8bYxkKRzo 41 117
train/K8K2DCVLCIc 175 22
train/UScKJ0Ou21c 163 106
train/k3O7MVyxDOw 24 5
train/1XSlc1SCNmA 89 100
train/rOFuxpBYQUg 173 44
train/b67fXiGCbuQ 76 144
train/j2C4NWZeBLY 293 9
train/BYFzwZd3za0 163 126
train/u3KoM13SfWY 91 82
train/AhBLDOwW0oU 150 71
train/cjwtcDKTQM8 174 177
train/Lkrv_d7T9co 231 87
train/7aShaoOZ9No 116 91
train/t_0jARvEFpI 34 7
train/0utlIZR6s_8 269 11
train/Nzu8kIb8IwA 292 70
train/xo1fG8xeJgI 38 69
train/l4MSNXYQ_LU 113 89
train/UFdjLKLg7Ss 186 84
train/8PF5MYr0CSk 141 123
train/JRR1Fy6DyQ8 155 29
train/mj6CMZwFb3k 23 53
train/Ek_q5UkC8Qg 100 164
train/4HOtxwD_xPU 88 33
train/NhHR9FrDsAQ 75 168
train/vNAqbU_d280 320 100
train/D8bZyAaF-Ck 95 50
train/2PS6UPFMNpQ 75 131
train/VonymdozOPs 209 94
train/IIwResK9VBc 97 68
train/KvDW0DPcOgg 281 71
train/pdxnUUhHrgY 279 89
train/l3E2JnV8w38 162 151
train/TMG_5bpjhMo 163 117
train/RxW-juF27CY 280 98
train/9byQsh4TwXA 285 100
train/GrtJHOD43nw 158 90
train/Lsw_yFxQRY4 142 8
train/9fKl_NhUiS0 29 7
train/QAufRqDtbd8 187 169
train/GC7ZHxXZEaQ 179 78
train/6q-t_QP0q6Y 209 136
train/QZ8t2dUCZxc 108 20
train/dDPsAnOcP1g 35 82
train/xmw9anSjM68 141 165
train/MrFqc4XFT_4 55 35
train/wIBa8TyzV9k 107 47
train/Vn9h2KKyTeE 163 58
train/lyoYHiK_vF8 78 129
train/eNUVKWhm-kA 193 70
train/rsA72A83Rtg 48 146
train/N6xnQklr0qE 267 98
train/swuJL2F1nyc 420 131
train/R5VNJf6eKpE 240 41
train/12UiaKVkjEY 85 115
train/J4J-D6C8teo 81 29
train/gqey7Dj54P4 47 162
train/2v7jQiGGrvk 176 111
train/XckV_vjEeZA 51 126
train/VFfk91l8UGU 171 33
train/m6Nz-oEk2lc 114 105
train/wP3ZJHDw2do 47 151
train/Z5DhP01WZjk 60 4
train/pjF6uBZHVRE 161 155
train/zTNNE8og3wQ 248 0
train/R84N8vr6tmE 49 24
train/BOu9Ua3zP28 139 119
train/B-60_FKzvXY 203 135
train/BNAtm16kVkc 34 123
train/7O9QOiAX7sE 41 46
train/30uWiIZd4vs 41 70
train/Z9Lgw_kytl4 281 24
train/y7rJh4LeDFo 357 22
train/mB37jiX17ks 259 73
train/oIQGzacb7NE 180 57
train/jtaLLqsZtlI 106 78
train/48do-3bzq3U 501 113
train/QNuddnpvkrE 299 55
train/Z20ROaFmRC8 433 49
train/EwyreXGkA6Q 35 171
train/E1fpa4Ryvd0 257 14
train/b-FCKeWlVLc 37 129
train/Rmw3IQMl3Ts 136 98
train/XAipSIHOmUk 53 164
train/z6W1PMwUdo0 25 29
train/v0QUFaPvuAA 304 8
train/IfLi_tLixSY 226 45
train/VOjmfIk3OqQ 288 115
train/kLPP4M2KI88 216 90
train/91F2MLOZdwE 102 103
train/sZyzpys1vQ0 61 164
train/CrSBxOKGIgs 63 68
train/q3yKMvFtyio 163 86
train/iP1lRtMTOB8 129 8
train/mICfiYODtqI 243 118
train/kUIgj9PnpLg 297 175
train/drneoZVGtrA 183 145
train/b84xknGwkF8 42 123
train/djLZWdtQd3w 139 119
train/xIhTY02lRSE 66 15
train/ZiipsieyLSM 180 22
train/5O8lgb8CBQU 238 48
train/0TqKK4rNQEg 326 6
train/R3udhWT7zIA 141 134
train/Gw1eGWsIU2w 137 166
train/xeR7eBdNGUQ 202 41
train/MzutCeIddvI 348 39
train/I1OEerHf-IY 174 60
train/C0vxX1Q-QBE 34 5
train/hMaq-SgP7Zw 254 72
train/MstcyF-U4eQ 87 51
train/u_Q_bGjG1RQ 308 40
train/xHuaYMXGTnc 221 139
train/SwkfEMEUkeA 255 87
train/11WfYWXFS9M 53 47
train/xkutPOh4XuU 166 149
train/_Z-nylf7cEU 166 172
train/2hQIf5yTU7w 92 94
train/ZWMROBj5WR4 51 58
train/WDGK6qqL0iE 121 78
train/J4jMOYu-qBM 305 24
train/48Zb6SO03UY 52 60
train/4vGbhZcWBOM 211 41
train/ijq19PVbWgo 29 51
train/05QlXIUuWts 145 129
train/0AgOINsF6qU 158 8
train/brULRhFm8A0 340 59
train/KK_R4li0XdY 242 71
train/d6rojsfWuk8 148 134
train/qeZDn-0KRDM 66 30
train/O_CSLU28hCI 41 82
train/3bZ78y0akyo 133 49
train/2q94H2ej2IQ 85 128
train/innf--l5s9E 165 47
train/rWopiQvVRDU 68 26
train/MQXlqu1lXmM 89 52
train/cM5n1M6Z7o4 163 91
train/c2RFUfuZ27U 168 66
train/PAXT4fJap6c 103 148
train/PGcQke0GBrM 339 64
train/9uQ1JQnqNO0 57 53
train/rKnHWfw4Azo 242 3
train/Hr9TVzx83XQ 80 82
train/QwAH2C43qZk 119 47
train/cQKnJsETNYQ 128 57
train/cwctMiDug9Y 198 134
train/EsBPdkuCNKY 24 32
train/JO1_NbmFNfE 89 16
train/INQciYUA5dI 43 94
train/kMMHudYoQ40 67 4
train/EaUAuib64M0 366 64
train/LVlp3HCvmYE 317 59
train/w5-o5lTCwh8 43 52
train/DKNNYuDLqbI 225 73
train/OwC7fuD71qU 279 24
train/oJVYTXaI6e4 257 70
train/8-gzB7-__LE 81 30
train/j2neb2ZaaUU 48 66
train/YkJXBV5FFsc 315 128
train/v-ydV6FDGoM 162 111
train/NC7n1oDuW8M 37 103
train/tpngKOwFcwU 191 5
train/HE1L7QSWfxE 255 99
train/GOY2T_7bx-A 113 119
train/_taY1Bf8ldo 86 95
train/ewJIjCWdCdE 165 62
train/wqusEcBLfBU 81 58
train/hmFxboYj34c 279 94
train/In9Uu4G7OQM 163 16
train/6iVvtGKJwJQ 114 70
train/3pb3zgIipN8 53 24
train/fE0moZTWmx4 155 94
train/ntYIITLp90k 89 27
train/tWInYjPobZA 162 87
train/pqg4c67oiVQ 170 75
train/ULZpTYSwlTs 35 157
train/MJ9NiR8SzPs 222 73
train/-9oqHVK5-5c 39 13
train/DjTZ6bMe00U 332 6
train/9dEckdWoWwU 95 142
train/h3ENzfLpG3U 157 13
train/HEo2X2LF3Uw 164 38
train/2MA-GpL6lnM 377 20
train/5KF87CKPpn0 222 92
train/aonro2-8lZU 139 5
train/x463xPLzvAA 65 68
train/WebWWFKJ4b0 127 80
train/NidHuH86l6k 61 145
train/B_J_TDWDIVE 64 80
train/FFIcYu1IBFc 168 104
train/lmMzujZGvPc 201 5
train/ok63AqHrCDE 214 112
train/b33uN3JxIQA 102 32
train/ywLzutwASVk 63 124
train/VDTylgsHSJg 346 105
train/Vr5kg0j7bRQ 41 30
train/yYGUj-eO5vM 65 149
train/378r6m6P9jA 70 170
train/Tdz2PpMU7ec 209 178
train/kify7wrGgF8 218 174
train/Vr8vTbHK1ts 75 145
train/iu6Gmo5dXZU 51 47
train/v1PFy5uHQp0 65 72
train/aQDenBKx31U 142 69
train/tvN6iZR_EaA 717 76
train/hzLY8-_ml2w 198 0
train/exk1scMi-K4 154 9
train/JJRh4c10Gj8 260 102
train/4IFpUsJmMWA 123 179
train/v7VEhtLpXlg 274 41
train/8xCmUPOyaLA 196 26
train/x3DmBCS9mJo 71 68
train/fPKsHkwflxI 237 48
train/iPTDz9LXWqY 104 81
train/Sphe1oBnQd8 55 49
train/fGheC0sg38Y 111 126
train/KtHnJr-sFX8 174 134
train/CBSuh_5n3TM 199 22
train/NbIC3C8zqMA 208 85
train/c2SeMaG0qMI 109 142
train/0DVdkVPUQr4 215 8
train/5tpP66MCLGE 183 94
train/ruxQwdMMVcY 279 42
train/vxiYOEhGzX0 71 60
train/1KA_tjo_1R0 275 152
train/BXi0_rizZ9w 140 55
train/I982HgsbZzE 146 168
train/rECCV7uncpg 134 75
train/emulmTp2hhc 81 101
train/oX_FFEcmXEg 79 58
train/RZmOwMIIbto 88 100
train/u6T7meQ08T4 142 115
train/M_VVTFX8ldQ 177 43
train/_Kl2j0-oosg 110 172
train/k7dYo6jrYww 323 48
train/gJ1auk4dc0A 169 36
train/PT_jmz29MJc 87 100
train/rqwy-MnwxRo 150 105
train/U2hrN5ggOoo 294 49
train/03FowQbl5aw 128 119
train/T6VKxmUPb3g 114 20
train/SA1gnSLXT7o 78 34
train/fKyYh3tDxbU 163 47
train/TdfDA5SD2gE 103 97
train/QlOzAReVmeI 99 121
train/FGs22R62_f4 184 68
train/EZG74eYrgnM 235 149
train/yRM7OL42PxU 395 177
train/op_A99n6foY 118 148
train/Rmxq0D0OeBc 241 148
train/VY-Hp1C_PAg 51 153
train/c8FXrF9UDIQ 97 8
train/GfJiFBqIjPE 206 169
train/mfHOpOKgEbQ 122 60
train/wnnFmmYLEH0 204 67
train/lju2Iy2_-AI 109 95
train/T9gN0-Yc3u4 137 24
train/E3jXvJ_thKA 93 35
train/dND8xqThuTk 89 99
train/_MCNb5j1LsM 277 178
train/qfrWOih7ac8 307 15
train/pNg8gxZDlTI 57 115
train/e2c5dwQYfPU 174 42
train/uD4kAB8-gmk 163 102
train/3sDjtwBAjJg 160 73
train/25BNq0Q1_QM 29 105
train/3QFufsJPnhA 222 89
train/Sny1mN4RCEw 173 178
train/GE3f-Yjl_do 53 105
train/VlmprA9VjP8 151 148
train/1gTCT5i953o 260 175
train/q1wE9MgDDII 231 168
train/1Z7vlBKSOKI 44 68
train/obYb13U04mI 260 172
train/3f-8du_9zh4 77 136
train/RinIHKjdf9o 26 24
train/Ahy1oM-3bSM 25 120
train/xPyUcfQtIp4 119 121
train/e9v9TEL8Kos 549 108
train/N1aLX_3xAUs 255 70
train/uPeHNJYHWrI 274 80
train/6FoTWuhKRq0 327 75
train/cZ1tidv478M 29 65
train/Pnff1HZC_08 173 75
train/NMwblLBmjyc 81 135
train/ZJP8pQbXAPk 391 131
train/JYnkX4Irz7E 162 28
train/_kXkdFZwB4g 162 8
train/eCpVX4nXhdo 123 57
train/GwsouXQM2SM 55 28
train/z1adrnWCfvg 95 127
train/-6gGYsBHF1U 75 130
train/hVUOVp23Qtg 128 8
train/S6bgIeM5wSQ 281 116
train/TqjJyQeiehU 37 4
train/GtTI0n_C1Sw 166 5
train/WGEBUUiXi7Q 75 52
train/cZkL4G4rOfk 128 162
train/cg1dMY26irk 81 170
train/H2CWahLrXUE 111 128
train/kwyH8D-h2zU 61 128
train/QpHVDy_deY4 220 149
train/gEvx4s0MoyQ 120 20
train/s2mYMIJ11b0 122 65
train/NglxulZsitQ 86 98
train/ow7-g8nUPLs 376 125
train/h3v4NV5dMD0 174 1
train/6Xw8itgAbDE 172 18
train/L5sYX5mbTEQ 19 64
train/VGxDhymd9E0 69 63
train/VXxB9lboUow 55 82
train/1ee-vMbedtA 82 77
train/hSolF5qxPRA 18 171
train/oiVUDshfO1s 139 143
train/xF1CjCugD_M 41 4
train/YbCiSMVs1r0 192 62
train/wjwEuXGwbQ8 204 57
train/Ag_YyTCOFqw 224 149
train/frt6xtyB9A0 29 167
train/GsKD-kLg88o 240 78
train/5KF-tI3JcFM 90 38
train/QamPzj0Xzek 95 14
train/3QQc-VBIa-M 46 7
train/-1_Gpwr9Npg 162 66
train/mYiW7Xkuncg 197 108
train/LBcDH5rMBUU 42 155
train/wekw3n8Vrv8 201 149
train/M5VbbwnOXE4 48 105
train/NhMlpUfTkV4 111 139
train/TYX3WsnNpzQ 278 11
train/df3xSfDk4ag 181 98
train/odckc4YZxV0 196 48
train/YC-aH_0bEC4 112 70
train/bcvj0pyV8Dw 177 115
train/Tpqw0UWyq-4 49 85
train/14kxlTtTZLI 120 54
train/3lo7txk7TB0 354 133
train/7zgDZR1B3zM 180 11
train/IK_zUk07c5I 226 160
train/dAqDTcrdXYY 100 130
train/5rmj9mO7e-M 57 139
train/YJuFCQOlaxA 216 98
train/uIcEmZSJW9s 295 74
train/LArLXARyhAI 55 29
train/28nLCetm7tE 242 0
train/_NoYbs1BxWs 247 126
train/LNr60CDIp98 259 128
train/5cdYDTSSfl8 53 129
train/Suc5tdWT5W8 171 87
train/Wdp1xOGYDwI 242 117
train/H_NHwcf38rc 38 149
train/KdqSxAEVyJU 121 176
train/Uerv2wffWTs 31 107
train/eNdDvk5SA-U 390 36
train/vUws412hdjo 295 108
train/9Jkz5dwdAqI 138 124
train/t8keIE-8TwQ 189 172
train/E6AjnHbLBZY 210 170
train/1qSIdchvsu4 59 148
train/mGKctfc_wcY 257 7
train/peWTQPjY4jk 191 35
train/GY1qZSPvKRA 70 21
train/ejjQKBhCvFw 90 34
train/R3twb9uQNuo 162 69
train/UgoGgCn7xsE 38 19
train/gFZUL0cLevg 288 99
train/EXLkRrUGqOo 55 81
train/y5YlwDog7Os 154 35
train/PbnWSshARFo 139 144
train/cbuFgADhdBw 123 157
train/S3MRLKVsXEQ 38 51
train/5QGYFN4ERcc 281 134
train/RLf3h-NY2Uo 664 76
train/ICYklq0xs2U 94 7
train/0aVupKCufGg 156 29
train/_C0AXPyDkV4 156 31
train/88WarN3bFwk 236 1
train/Xw3K3n7C5-w 122 29
train/uGLsPLdhQ4Y 108 142
train/M2qK-EYrWYQ 102 30
train/LI7RPWTXV1U 88 123
train/aKbNXWjPO8E 297 19
train/URX8vEArELw 255 54
train/NHMwiRtYHjI 14 158
train/Lt9cIKU_cmU 345 111
train/ufJTykK87CY 243 170
train/WqLEkasQ-Xc 117 112
train/nn8atK3zgnw 220 122
train/PKq0am2rK84 225 49
train/Yzs-LzDelrU 244 141
train/rzGCgIb1SjQ 104 93
train/wiL7i08hwyk 239 134
train/R-ZfUt9QtrM 388 76
train/JvlakeIhDDo 182 22
train/2c_W0NecK0c 94 29
train/8GFG0wSvxDY 381 87
train/bFWvVzlGF4Y 215 177
train/6DtX5aWUKWM 81 53
train/j7eZdize-p4 396 49
train/RILK2uMWmhE 171 29
train/UuWYjKalC9Y 37 127
train/PNkg5YK0kVI 192 170
train/IqLVkubtdZE 81 170
train/EsfQipTguPg 118 109
train/dNaltL3uPaY 187 107
train/CFZtsB-bU2s 178 167
train/MYm0dZJCFJs 55 152
train/-RsbSOTzkgA 89 73
train/TEEfv_LVQ4U 209 111
train/o0jerJWhfSs 75 144
train/LnlemYWfn90 59 54
train/J3srIwz-O4s 191 62
train/VM-G5uisca0 141 106
train/V5uE6yNfTq0 162 22
train/M3NXRBvPN10 136 109
train/lxZT21QLVHc 417 61
train/gyOnuhoa_ic 231 78
train/VodE2Pzpad4 53 106
train/bmKzVA3ZUiE 326 49
train/58GJpSCFLTg 354 5
train/UxwscVIZ8Qg 161 138
train/0-JkDOAg2b0 335 59
train/vLYa3QxV73c 81 70
train/XuGeDzjejVk 115 143
train/7-O20PWB8Ps 236 73
train/1Tv7iLLkMAc 145 166
train/RGdNAx1OpXQ 170 71
train/DgfYsslHisc 99 2
train/KNDpQfsKCeY 249 104
train/QZXEL1VseQk 129 55
train/aBywINg8JB4 161 92
train/aB9K_mTbHMY 117 43
train/B9oVlS-qNUk 114 159
train/QKsHI9vLW0M 100 135
train/acF0YlUj7QY 61 48
train/hrvXuX0Ow3s 110 116
train/THoWo6JUk1Q 263 57
train/DbxiUGCHJpE 62 153
train/3DMynCuCHu4 272 96
train/tkp5bIvtTsE 292 34
train/QpaxpTL73-8 57 21
train/NadlIM8GD4U 54 149
train/YiT64FteClo 349 112
train/MJpmfZ99ygQ 144 21
train/Hd6tWfaA6aI 162 22
train/s_SmhObV8ME 267 176
train/9b7YQGp8a0k 304 114
train/A-fwcSHwjHQ 150 172
train/W9AEjUIVR6g 66 37
train/CiR5rNSvFBQ 29 10
train/8NvFB4GqSQE 168 120
train/HSwhUeyMvs4 33 83
train/ld6R2bD9n60 165 45
train/XdydmVsqBS8 29 121
train/pkX6-m2VcvU 281 5
train/qaBOYYuIc6E 205 95
train/sSeSp2S6hmM 61 163
train/4P_6jstJ6pE 114 163
train/SL6t5SUrat0 109 122
train/wRrBUJfHSWI 41 17
train/0MaeIwJQfDo 52 110
train/eW9wS2J8tN4 89 121
train/2rH9xlYC4sQ 279 132
train/4j1Xb4_R5IY 62 125
train/QwqM3Jqe5pk 48 4
train/9dH53HV1UYY 89 27
train/8JOxKSkkdMM 168 72
train/L6c0fVOSJIg 300 33
train/mm7nxVXxneM 77 172
train/sLVJxrrDR-Y 114 128
train/h427Nqj3CI4 163 28
train/OrKPwHeEP9A 259 126
train/q85VT0EroFQ 57 117
train/-dsjvZ8qvuw 31 4
train/gcGW9eZay30 332 145
train/fEpYEiEYc5U 17 4
train/USXgYvgo_P8 112 168
train/JX65eqx-4TI 28 130
train/2YPj3rwATXk 163 113
train/xpFQpUjC1lw 39 68
train/jVk-pidE5N0 303 118
train/L--Z_Lt3jlU 165 54
train/cUz8WA48yuk 311 111
train/6PgYzMyDkEU 86 130
train/e6Qka7F9AL4 209 146
train/80oOv72CWsM 395 91
train/esJ3IXVKroo 86 47
train/fVUjgavW_Ao 256 16
train/2n4AV9S8kpw 242 5
train/EJ2pvv-zmr4 213 141
train/qEPzod0EMqE 67 47
train/lBkkOEKknFU 118 121
train/SZhEwQQEOIQ 257 10
train/zOuBKxiONgg 90 37
train/RqouSnc6BYc 25 129
train/OaWhcu4gxTQ 186 178
train/khO7LErN5GU 28 13
train/NLcpnTJIhXQ 59 54
train/3nNjkBnq69Q 258 41
train/mtyhzKaAy8Y 63 151
train/SxseEboI06k 243 154
train/K9mYAzlUpLQ 111 117
train/h22GhHLFR7A 65 5
train/BqmXhdZwCxM 135 140
train/Ti-Q4U1RQ2Y 34 179
train/cCsYgJimB5E 71 45
train/KpyPGNEzsIg 24 24
train/xKgD5cggIms 84 129
train/ygyV8ONqvWY 68 98
train/Ud3IdT5djJc 243 127
train/mHTCi4xQG5M 23 47
train/3qeKy_vylQA 324 89
train/q25VQNMYKJc 242 14
train/h8uJxLZIvlk 165 107
train/3kEIsqtsCnM 228 87
train/9xxCRfnfpzU 104 86
train/3jliBZqVjMU 81 165
train/FYWX1Bo52n4 115 0
train/tehiKANGIk8 139 42
train/oMjI-8TPtRw 213 110
train/MlhzJLlK4O8 185 173
train/aTmOn_TXm24 161 86
train/PuVz__4vIbA 52 86
train/fiuyq608E80 41 5
train/yf_yrlqbMQY 151 144
train/kCM5NKbomqM 152 44
train/48pfFiR6ras 41 68
train/rJokQsBf1as 162 27
train/mAlxqO18WRk 167 81
train/TI2K6-ykoC8 89 58
train/IrKn5a8pISY 54 106
train/c5cf6IDf0S4 254 100
train/uNAb5Vo-klw 112 175
train/LcmEf0Aramg 41 65
train/JWB5ceorkfE 32 43
train/B68Y4hjY_d0 359 77
train/3R8KgG-0X_Q 61 16
train/k59iLEkKoXQ 92 95
train/1KixqK5h4dM 51 141
train/2GNqTHVp6RU 313 15
train/2B65XwF5Qxo 163 40
train/NAQSDIUxC0w 62 46
train/puFl2Sd-v3s 316 146
train/D3zdHd2e7qM 208 143
train/u0p_dBCEDs4 156 151
train/oWj7W_OHaF4 89 89
train/L0XkFU7zd1M 161 147
train/wVuXLxwkvdo 29 8
train/TbgFLP364bY 100 28
train/mT1_YB0vqsY 28 12
train/FMmVZRHkAbI 348 41
train/7_vZ6a_p80E 86 121
train/ttnPufjhRH4 227 41
train/Jy1iafFCd-Q 272 44
train/df1B43lgUtM 100 9
train/UmGbihovrv8 40 63
train/U2v-f_mxFbE 132 31
train/iDrbzW6oD3w 177 62
train/KNRgICCqPtU 107 90
train/MdBUZn1PG58 33 12
train/IdO6IAqwgSw 140 54
train/7fNtFc3JkPU 92 91
train/8muUZIVXNyk 268 1
train/2Ql-YYioO_8 336 163
train/M5LaXYjC1AQ 111 74
train/TEtx3vcTNbo 170 2
train/nxGUkccjkGE 67 151
train/MsHIdBoDx_I 65 83
train/tGmEzDyNTKQ 209 57
train/cksM6FCVJ50 141 128
train/WtNGg37Zr6s 173 98
train/rTi3nLsEP5Q 191 150
train/AGUASZftBfY 72 125
train/gR4GUF30vh4 40 82
train/te9yadUDuQM 164 88
train/5F5V2X82xuA 189 112
train/kdyQdqH5dPw 88 0
train/9l9sYrh8jKA 53 171
train/Er3Th-AtEjs 61 97
train/EHc41mFNy8c 47 159
train/TpYmfCAhhMU 134 145
train/rTx070DfBlA 18 162
train/dPMDUYmOPZM 270 18
train/5dlHj9EUM34 171 149
train/JdWMR1qnH40 86 66
train/LXKAuAEdX8o 174 61
train/nw2L3g3GSCc 95 46
train/L3DjJ_f2BoQ 708 112
train/oHhY0aMuHzQ 124 44
train/vRishidRXdQ 320 121
train/jKnO8KXm4qo 319 73
train/KbD7jWoIOkA 134 66
train/Dkkj-SnMoIQ 166 149
train/ICn9vWPMsn8 294 175
train/HjkbCrEiDz4 101 174
train/Rub4pH56D9c 177 22
train/52Yam85gy2w 271 37
train/_2N1hAfuOBI 51 130
train/6Ojpf6UwdVw 201 176
train/FLPO9YK-pHw 166 129
train/Tmt1MGHYHdo 51 28
train/b1v7dT3xuL4 196 62
train/S7xBXZQ9l48 167 95
train/FBCuvZqOhIM 266 41
train/ziEpBwJ1TOg 109 58
train/42GHJCP0knI 100 55
train/81gfwH3X_S4 322 45
train/8QXHzDn_IjQ 67 20
train/1Q325G3eJNM 154 98
train/PygC4IY-oW0 61 105
train/IOd7e9S-z54 87 98
train/5G97EH4k7tQ 114 32
train/Ouz7oH_9xKQ 242 114
train/-287EWnKCKk 288 10
train/g-EDEeG0RGU 115 100
train/d8sDpSZeDBE 133 1
train/Tjf_O-dGDWA 172 128
train/IdHXUXKyQw0 167 48
train/VMwXjckgiOs 164 23
train/hwAEAVkmSTA 144 22
train/tRJMMtpgPXs 87 147
train/eGZrxila0Uw 121 129
train/_s0HAdXgSQ0 390 87
train/BnNTDxXvwZM 179 75
train/_6vqQPy1o7c 41 73
train/37ofOKdeILQ 182 165
train/lJ19aJ6Xtk0 387 101
train/14k-a7mOMgY 346 76
train/mQCFphhDFw8 173 27
train/W5236D3RGfE 205 57
train/V17Ly0A_yB4 46 162
train/zAo-MXGfjhk 59 70
train/Mla_nhX6SuU 170 125
train/kI3TCreIzYg 252 33
train/7DBstNbQf0I 150 27
train/MlzERvvu4HQ 120 82
train/tHVzFLtvbGQ 258 132
train/52O60aERupQ 31 37
train/iu_PIdT4is0 105 46
train/MtSyj3YQFqQ 185 111
train/MoGvxYIwOZE 313 15
train/u0VHcJXypxw 124 149
train/p_zcYRKjFEs 71 174
train/zrijCiWjUXM 75 66
train/brd7iTQ6uYQ 91 143
train/Hfyw7raCRXY 175 0
train/T0LtOOvnYq8 38 65
train/iTvAXfph5Fc 70 102
train/wlir0MfV_yo 70 73
train/vGmKQhJ4PmQ 195 129
train/YZlt3Zmm4qc 53 52
train/uINP0rIr2vs 41 69
train/LL22WFrEgfk 226 107
train/BiQrlEtjh4w 78 68
train/K0BshvEwln0 185 120
train/KzB8O5CtraQ 280 124
train/7xY_V57GoU4 99 179
train/pouGDWW-Ks0 175 49
train/B8U6aSUcSCA 88 69
train/5YmiMVIrCJU 201 163
train/onVSkI5YK6k 229 1
train/VN2OaW_q-Sw 137 25
train/qAfPMK9mY0Q 136 29
train/AzHErst7exU 259 88
train/d0EedShX2HM 185 22
train/aNCvEcWZ6bI 54 0
train/TyhCHrFYtJQ 109 167
train/8F6OA8TzqhE 123 111
train/b0zFf-_FgTc 49 173
train/QXB92EeE2pk 77 37
train/0kn_T3OzA4Q 114 119
train/qRwjgF2xtpU 166 133
train/Jm_sLM8bBKM 65 24
train/0cYwoTNq71k 169 78
train/c4BBQD7QIZk 202 67
train/g1SW7ORLq4M 32 83
train/RrKpAUVKQlk 244 49
train/5V3BbgxGqu0 77 68
train/ORhh45Mv02I 54 6
train/Y8XRfCieHOY 318 133
train/qinnC9Ix5cI 269 0
train/n9yNpXv2HaA 171 52
train/6cJrdgMw4-I 139 87
train/R3t1GOCzjzY 67 65
train/XMNxdEYYHKU 131 146
train/zcwYGVobmSI 44 65
train/DCFzta8d6Sk 198 88
train/w5gTlJOiE7o 163 114
train/864HtkjBVc4 114 25
train/7P2M8DP9kb0 51 45
train/wOJauS_Aq-k 281 141
train/lbmWtPtZIZA 115 138
train/7q2ksQNROkQ 117 29
train/FG9gS_ZmH5U 64 88
train/w02GQIuXtTs 67 24
train/_4_M0dIKGeQ 301 26
train/i7jnSaf1Muc 553 113
train/oaDqs515Cus 166 19
train/HUYeEIaUvHc 59 20
train/dK8hwAaMCB8 313 115
train/6N7cfVNVzMg 104 106
train/10LY7XO3TvQ 301 25
train/i2V5gDbIhGs 84 172
train/hqZdB-ziP2U 157 130
train/ofZEdn9tk-s 237 64
train/icnboZv8ouc 282 15
train/sDFt5GRebSM 292 176
train/NiWjIeEXaGA 175 67
train/lZVfJUuU3N0 34 164
train/8GB4UwYNwxg 113 136
train/ZwAfROUJIPE 214 126
train/uqFTRdWcNoY 325 138
train/kAatGbQa7u4 109 119
train/zY_LW1zhHqA 61 127
train/HC2ShTEWufk 194 149
train/ivtTnHoI9ug 167 82
train/eFQsrthN7as 30 51
train/friCtRoBSQc 128 39
train/VKKzSYYKWfI 132 13
train/dcK2VePtD8A 301 84
train/t0OIOCAlZDI 107 119
train/pCUnlO98JD0 89 42
train/DorJfAsRmH4 44 49
train/LvD3NEI9P7E 143 132
train/BNjbGKYx1wk 62 83
train/ZsXMnawOw3s 256 41
train/ZWE1l4k2AE0 157 2
train/CH_s18ICLsw 86 170
train/w8SVePiWoQk 274 35
train/NUUOexyuSPo 201 66
train/NW-oBO9Jn6A 325 49
train/QwBUalNzPyM 259 88
train/xc37U0r6ado 354 178
train/AGYe6OLS2gE 203 119
train/tzSTV_k666A 140 30
train/yBZgxzPgxC4 140 1
train/kvubcwU3IY4 282 110
train/IZAabHONVys 149 29
train/UkE3T12Jf6I 67 115
train/0_0MMzh2E3U 287 163
train/_qNMAgBItEM 255 44
train/WjgyacEJ5xw 58 83
train/MCB9jIpNGzY 230 141
train/YbhG_DaG4LU 139 7
train/fAF88ThmBms 166 151
train/QQjUnOTII1g 165 41
train/RjwK0X5Biyo 80 68
train/lLgJx32AkQc 105 122
train/0nuWUx40SKI 86 28
train/E_gA-naiC3s 371 64
train/jsXTsdPP-C8 191 160
train/QKSeBPR_G3s 142 33
train/-xarjgiD4cU 331 85
train/I7ADgRr1umY 162 119
train/lH_mGtMDonQ 167 33
train/XQR6aytGwns 133 60
train/98BaXRqXw9k 168 102
train/bop2OlRe2a4 85 42
train/FGGhx8me578 127 149
train/1bRbB3weONE 136 48
train/l3Nl9RXhkVw 41 95
train/svve8W1OG5A 139 58
train/D2h718wQ_A4 51 127
train/5qxLTcxfeaQ 86 0
train/9m7DhKCILwA 215 55
train/MM2Po-uMzYo 47 90
train/T9VdXIntOpo 53 14
train/iNB1KxKL-rs 85 93
train/V4UAyEzzH60 262 0
train/bjg3oA-Tn2c 130 16
train/vtIeZDeOfoo 67 8
train/pEysH6DowdU 52 51
train/fHFNb_2eVoI 189 73
train/JP8-leHQ95w 166 73
train/iUR0rVc4Sis 97 19
train/slpLNQP9pLM 128 100
train/xqlc1DkZqRU 61 98
train/e3-37c8OFE4 279 62
train/0biAs6aJAvo 113 104
train/m75OG3j8wU0 269 19
train/95HtSD_y7B0 41 106
train/aHJrWrvDJEU 166 98
train/ee06h27u7jw 170 75
train/zkIrXUlDscc 154 15
train/4INzYG_JShM 61 74
train/VrcfecJVPTs 198 153
train/3ReKyBuci70 39 127
train/Fy6uAA6SyyE 242 64
train/fBKOaryD7Fs 175 60
train/HKynhqjx8Hk 24 4
train/FpEqe5ScC8E 234 15
train/xPCNQkKfpv8 277 73
train/GADTjKlIg8A 97 121
train/7rUfScwhBHo 320 105
train/FtsnGw8ddNE 64 150
train/2doEhQaynLs 120 129
train/bv5C0axnGIw 348 59
train/E7u-BW9bzJ8 155 87
train/BH_lMdz_uQE 243 57
train/kTxKufrfb0E 172 178
train/EAY3T4a-i4c 64 44
train/j6IO1QXYT6E 346 28
train/CXx9WhMObhY 255 87
train/3ilrrgcbB-c 235 97
train/mmgiehwrK54 289 115
train/qQpdhyqjklM 115 138
train/liuX3WIflK8 268 91
train/GkNBmqPrEHw 78 158
train/q_fDKmipOaQ 118 95
train/auSD-hH4k4I 163 141
train/TuwuTLDouhQ 240 85
train/C70sBH6x8g0 58 114
train/9NGoRHlnlds 267 120
train/8jp0NfACEY0 120 149
train/wy8D-X9b3xk 82 144
train/BREc90I0vt8 30 101
train/zWsDvnAs6-g 87 75
train/rScJe8LMROE 67 0
train/HkT8xQyhVrg 148 87
train/ljT2vI4efKo 85 149
train/sMjZAYlHvks 290 100
train/35tvE6sjz7w 171 60
train/r0VSAKdJ2Rg 109 168
train/GLq4HQonkPA 123 106
train/FTcnD1etGKs 168 106
train/vd7U4hr14JU 309 40
train/of8-5Wqd4BI 210 140
train/DRPfudNNd8Y 34 173
train/dShX9VEw4Eg 168 90
train/Bi53L-kLgOw 85 129
train/QQyCegVLjd0 166 144
train/fIp3LNU0v54 98 49
train/HZoM-Ol6k4s 304 99
train/jcaZAHl4LZI 396 122
train/zpRvJHDUNLc 36 7
train/DuGFyxu1Kr8 53 116
train/HV10qM7DExQ 195 152
train/dZK3XI0uHWI 115 95
train/eAdrb3Mmffo 166 29
train/605MOzAImOM 172 154
train/7I9cS0E2XQU 164 106
train/4mIKHVKYO-A 88 148
train/Zvrz8S05Fp8 163 85
train/EQP8VxnQKJ8 228 172
train/6QMHx8pOACs 504 79
train/oNt0seIP1Tc 280 51
train/kmBvD2uyo0c 25 97
train/ZyYDH-Pvsj0 260 136
train/hxmCo0eemqQ 175 41
train/EppvRC83Pfk 218 14
train/IBs82XRZBoc 149 55
train/9IsK2_8kcpA 267 85
train/V60rvlT5vhk 51 33
train/QabEKlXPE54 260 61
train/25LGXb5lOQM 39 162
train/LergkeqWYbk 60 157
train/H7jWXc_sa9A 274 116
train/NY7hdxKU7ng 23 129
train/NvfZpuy40iA 98 109
train/XQBfOYkvjx0 392 110
train/DeirwSvnWvs 162 9
train/4umaM2IMlf0 162 117
train/QgFSQKlahl4 296 119
train/rO_PhCOHqRI 165 116
train/39b-hy5_9hk 333 104
train/mpUrmpQKg3M 205 31
train/CjoPiHNco8A 45 130
train/2AcTY8EGOQU 172 60
train/8rAHZ7urOn4 117 97
train/o6Bm0tUppDo 241 169
train/xcx7F1X8IgI 353 140
train/CvVWO8Fm0eA 167 104
train/i-6aNMYoDWI 55 131
train/oAOEGzCWF8o 270 66
train/Jsk3I_9Wsuc 151 123
train/VGXbBpHw0qk 90 21
train/ZXhbaVOhqTI 174 75
train/e4q0IFPdcL0 66 47
train/PIC17vZZJ40 41 19
train/_2wt4mcfHwY 166 146
train/DWTwUCbN1ho 55 146
train/ZhpXLkSMGuM 197 57
train/qEWbvFspEDo 302 72
train/TcR_ykZN_jE 51 128
train/GsubNEAlSYc 63 83
train/udyG3KzzNdY 202 44
train/ErY6I17ZHbk 165 167
train/srhH0_wu07w 94 100
train/bg3NM780ZGk 166 11
train/GmFcQ1Lw5tQ 136 60
train/X9jB9YRlj0I 265 2
train/S3oTR3BCSL8 144 102
train/9YsJrX1i4to 179 174
train/25OJQ4Csffc 53 23
train/fZHu43jleM4 290 66
train/XXOVzbNujUQ 253 43
train/tJZs3a-ZeVU 274 32
train/61dcPIKxyHg 167 149
train/Y7by3T0xXig 29 68
train/tVmus6gdubg 146 152
train/zLBRrWd4DTo 260 143
train/2h53otOBTsI 161 59
train/wMT3Ov7CzGY 205 99
train/RMtpn3MRfTo 122 60
train/or6sPCXZ0zw 96 106
train/zGFQm1PPdn0 360 178
train/gGrIGa88BbA 90 170
train/aUWmjNwNKeA 298 147
train/jSPyFzG95vM 233 69
train/ABmuNmw2ZLo 76 160
train/nZPpXbf5woQ 147 130
train/9Sy5G9RFVig 197 84
train/QMHfAS0WdvI 325 157
train/GjfvIgRnv58 148 11
train/NmSwSqDmkFU 67 67
train/zlM5UILZb-g 41 54
train/tO56NWozeY4 69 179
train/c50E8kKD2PQ 56 106
train/okrhaW5PuAU 179 174
train/1PS6X_Kg3-M 237 121
train/FiDAJmzAmFI 85 141
train/g4gAUtPShJQ 237 49
train/T0npiNnEMXo 39 168
train/L8P-zyw-ryo 110 107
train/5af8SYOdpTk 270 41
train/W2x0stPgyQQ 178 98
train/NODzdqEg3VQ 82 59
train/aDmPHPIHDno 113 98
train/QfUXINJ4Wkc 314 1
train/bwy7FSLeRrs 74 146
train/8tBwXXsCO_U 171 50
train/3hroUXzD4ns 172 36
train/LMTS4dyrYME 14 51
train/p40K-RWKx1Y 70 75
train/0qQoZhb-qc4 189 129
train/zvU3gQnOsGM 108 68
train/DYeE1vpfzYs 63 57
train/pgtbCxfEOIc 159 81
train/1SKgpYrNoAQ 212 57
train/IEGo1UykRYU 73 47
train/Di284WHAnLc 87 147
train/34D-oHbYKJg 159 147
train/VN3elqQPJl0 260 163
train/5L2lSUuQ8xA 88 34
train/3wN-AC_mbI0 240 133
train/Xep2qppVv9s 159 143
train/luxoK5hbjmI 267 54
train/LQiKN7m_Wxo 167 77
train/eKvC1WIUmKk 149 167
train/OyR3Lev2tZ8 103 7
train/QWYNuhJZ30s 113 165
train/9XLgsYY6oSo 259 22
train/tnhxoo4P1NM 103 115
train/5yDsHj0Y58A 256 45
train/22Tg2JDs7Hw 52 172
train/FTiBPf2sh9k 127 109
train/oy8wgj_QstA 29 91
train/rIxvwRCVU-I 295 139
train/olGr7Tzv1qE 209 81
train/PTzVhwwK4Hs 315 83
train/RypyFp0pSbA 163 67
train/hbdljEbnWsA 172 95
train/36QKh6bJrK4 203 157
train/fv1kgidphMI 186 175
train/uUI4g91dgDA 174 119
train/fJnYglsatMg 56 41
train/XOSRtFvIMMg 178 40
train/dWKSF_mAmO0 90 82
train/zr0ZPIwCJ8Y 101 83
train/aBmHmp4Vl6w 265 152
train/7HTRQs9X-NU 81 26
train/zX4mNf9lLMc 153 90
train/9QLu81pmous 112 91
train/Vdl4DEImIMw 44 162
train/TZIK-WMvta4 248 81
train/PMGiS9jMiXk 28 82
train/LoWpG0JwAnE 234 105
train/YhignrWyIqI 84 24
train/Y4abAl7gyuk 141 62
train/jJrsiPfdX7Q 80 144
train/tJhh2kkaxY0 381 105
train/dxzLqvCXCY0 267 89
train/vbknEwxJaeA 156 75
train/u2nj3HRygss 167 115
train/e-bZp7rg5JQ 125 123
train/q526KfzwaBw 48 145
train/33OBoxvgX6A 103 98
train/JK8zoMAjH1o 51 129
train/Cdu6TFEeQfM 92 52
train/i7jEu6_Ustc 221 142
train/hlUuAFZKvKc 191 126
train/0EfvmGJASrY 180 55
train/1UZzoWall98 56 32
train/Z1G4gCbnWBA 67 124
train/tF4Tl56ntnE 122 3
train/l25G34z_c6o 130 101
train/2uNZoGNH9yA 341 40
train/iyerhBCzsjQ 81 11
train/Xbix47vaJDE 124 69
train/iaZhI3RwLZo 162 179
train/rK7o7mggguU 265 22
train/9yedQEbUpus 228 104
train/StrIGnAATLI 173 46
train/u_CUYyAOmc0 53 162
train/hBD9uU3XcRY 14 25
train/x7QAxfRCejs 95 159
train/MeMM9qt9-_s 134 50
train/ibWi5YDn_3c 387 74
train/UMJwseqvOLk 132 106
train/n8Y-s1WfSEk 97 155
train/ABA5BhUzduw 249 140
train/333P7R6DzsI 171 173
train/y6EUXocDyoU 228 1
train/8J13YRXw0Sk 163 58
train/tK9qwxrLFKw 256 147
train/THXJ9nai_ic 86 156
train/b0WuvC-GLBM 238 41
train/9jlR_CRz2Dc 301 108
train/6Nxu-jS9TSc 28 23
train/anZnTR88mUI 132 143
train/Fyj3QByDwhs 214 88
train/6dV6oAzH-NA 140 135
train/EiiLPOzXHYI 236 41
train/YGvDGiO21j0 77 72
train/8vJFJxRyLzQ 109 77
train/bbq84TAwFlI 139 17
train/PT9PV8t2aaI 288 144
train/T7eVKD79kQg 132 57
train/72HtlDQYoas 102 30
train/veZFxULBII0 52 166
train/ZFYLmiO19Qg 161 119
train/uNbkf0FaTO4 179 103
train/FdD34PAqUmE 64 54
train/0R5wAQ93N_o 169 119
train/UcssMCh-E9M 162 63
train/WKZC5Ztpd_Y 171 7
train/kycckFdwvV0 275 86
train/fOzRBLrjOKg 75 6
train/c6yFoobCqf8 120 29
train/Is2KNETDaLY 178 78
train/djoIGKvrEDE 120 44
train/NiRtDSLPqhg 117 55
train/orTl6i1dtfQ 57 84
train/bAyNXpCOILQ 148 159
train/EHWRrKdyh-U 24 166
train/6Lmp_rwtJg8 259 85
train/ZsRLWNXOuaA 162 134
train/qOfkYn2vTmE 119 10
train/AtW5P-KYR60 51 167
train/jdJ0SysX1H0 162 65
train/SgTAz2GUvrs 135 117
train/TvFlKy0lL5k 151 48
train/OrD2HQhQDck 161 170
train/W0_RdQFMMcM 99 54
train/obt7p0meR0k 149 75
train/_eZE1ITRjr4 24 24
train/Q-L3FUbrBTA 255 80
train/NgetvGCoEFQ 132 154
train/RFcuNI33Oq4 268 138
train/5oA-c0VklDg 73 83
train/Ao3q2qBOPtI 81 8
train/bZNTUtKAX7I 41 60
train/pYfcsc3Sp_4 51 119
train/i_SObQprdOo 254 49
train/cjTBgZCdklM 128 91
train/so3l0TIINYw 48 158
train/OKVzKuSEUz8 89 124
train/E__kMjcp0XM 162 8
train/rz1zJ8yN7ec 139 79
train/Wz4KRFmPjAo 108 98
train/tPFyz693GI4 24 106
train/WzEAzpEBllc 166 173
train/Rtty7sq-Jqw 138 73
train/RlqiUGDO8aY 129 131
train/QZF95HNRvUY 167 48
train/LqQDPM9D8vI 138 144
train/i1Z44fjWxoY 267 56
train/E4kp8TWFypA 297 98
train/4YrydRnGdOM 70 93
train/1vUTDdn8mB0 274 87
train/4p0BD8whoLI 173 88
train/q6aw1kVGBfY 156 70
train/BFIZXcSaKac 226 127
train/_fljDKY1cuY 316 147
train/ESFfeZgLUqI 138 74
train/mrKVEmyFv5Y 51 25
train/bkB9DyxpJKY 118 92
train/Axc0wLVXmhU 139 124
train/TpKn0M0_B_Y 361 136
train/KlSZIx8t3RM 197 42
train/JexaIuPsGTU 120 106
train/Nwmn9Sqm5oY 361 40
train/7WeokrKMOM8 168 48
train/DAVDG6LZqKU 52 70
train/oh3wQimXm3g 142 163
train/JroP8y0Tg-g 166 98
train/0hs0eD78k0Q 118 85
train/L4E3hGo_2-A 211 118
train/SjLYLRk1oCc 31 108
train/dG7Ewg4v3JM 86 106
train/Hklf_2gbEO4 88 22
train/V5mqMBqq2lY 75 145
train/MdMnEospAjo 43 78
train/3D1XktaV02k 465 76
train/yGUVU7eSxmc 179 50
train/T2q0DhPT2qk 113 173
train/jOiGeKBbKNg 174 87
train/6_BD7DmsSSE 174 111
train/T0HjL9LszpY 136 0
train/CnbkWUGW4dQ 120 7
train/t1EOba6mbAc 35 38
train/yHicSPm6dQY 175 60
train/ckQP66UJoJ4 134 111
train/lFxfBHoXaXo 103 115
train/2z_gJ_Xlf7w 168 126
train/dYUWq4geXds 78 33
train/xHDAMXYDPz0 276 22
train/Fh-a4mv5oaI 101 152
train/-ZU_kIxyC28 92 113
train/WNiNtpowFJI 140 106
train/u3nOmvgcs84 249 139
train/R3Usbv933m8 130 114
train/qHBDGw0Yb8s 150 64
train/kVd3FsR8wHE 392 149
train/gKwYmOynsdg 103 20
train/i6NuS6rN938 281 117
train/y14jP_rNsE4 36 4
train/HoR8eDQAjI8 68 106
train/26bW3TnYWtM 307 135
train/7RrI9_Z0x6s 48 153
train/hDNPxPQNJiA 174 114
train/0PxSveUA9mg 315 47
train/Ki8lHZqXKQ8 73 37
train/WIIP5ax2394 136 73
train/KyPRb4ZvKgY 731 79
train/G-msPR7m-ek 73 47
train/01cvqhTAGyQ 65 138
train/Hhc9_BPsFNs 137 27
train/aq7QBoQCktY 144 2
train/1NOFpRZ9REo 41 117
train/1akOZ2s8r28 261 29
train/1AWD8IYAf0k 184 64
train/E79UW9FqIFg 120 30
train/dfWZUOiT3H4 21 142
train/uh1K_M60T-M 52 125
train/sQCE4W6OVts 167 163
train/85J9b5CqYLQ 72 45
train/uVHuVnv5XAk 88 156
train/9TUOPjykpWo 107 176
train/6OLDzu5TmNc 332 156
train/IjjHgiYk6P4 118 112
train/YAotLsIWGf4 105 2
train/M3XH1mvTVDM 309 115
train/IrAGtXpKGv4 213 90
train/M4Y4Nsaz4fg 293 41
train/S1Q2Y6FBsOI 135 67
train/kBedwKpuW10 54 119
train/ETVBv6gmMJo 214 111
train/QAYy99rqMDU 160 176
train/fSZkc9CUN98 206 87
train/Q4vBGQXUKj4 135 174
train/C0_EIg4k4G4 301 95
train/DG9Hc4U2t18 36 151
train/BT3rZ1MO2Ps 42 144
train/c5oEG7Wy-mU 103 82
train/PLUCr9agKbY 61 127
train/ZsIHYmcN-C8 260 170
train/y6A8V08AR84 161 85
train/FpL16dWVl_4 191 33
train/FMr7fkbH7xQ 59 140
train/B4W4NFL1T6E 207 99
train/-t_vq_vPJ0U 90 45
train/pbH4nAwIK8c 35 77
train/PmpCYIjgaDI 203 16
train/elJpHDfdzkk 157 136
train/Yv2jSPQ_NDw 122 67
train/IA4YuT30slw 54 73
train/gLuVRZ5PQC0 169 66
train/LW9mvVe7Mk4 161 13
train/RAgLLudgCkU 141 5
train/wmPq18PBJhM 75 95
train/phf_FGejg8o 199 41
train/9na5qeUeLsw 254 111
train/MUFPzG2Xt-g 257 79
train/iRJREYezSyE 156 150
train/nI5opkW-dZM 129 88
train/ZvrXTCoBSEE 145 148
train/qhgeeZt4Qak 75 170
train/VHoIOx0xFqo 109 169
train/rUzIscelG2o 164 61
train/yGLIXKQk8u8 337 29
train/Lst5aW_lB1g 216 126
train/g6pYTK9BU_Q 50 118
train/-YfkxFjrUPU 190 103
train/zhcrXK49DCM 342 101
train/rhHGfAz_who 130 58
train/A2s89f8r6yE 123 20
train/hzvidVnFf7I 249 14
train/ZD5TOZ9p-fg 40 39
train/9tC1dW3gYao 148 44
train/Kw-Gu3Y3usk 225 95
train/zmsV1zJ0wVU 165 104
train/lW08_ckY4io 217 111
train/nRdOnna6VdE 60 68
train/o0eQ2VFLyxs 205 160
train/Jm2wPhNO1Nc 163 134
train/kVnpbl4_vO0 149 52
train/f_GrzLHXSQw 175 129
train/JwNviZyvzaM 240 9
train/8jdLVwRGkOM 69 71
train/9vyAoUG8A-I 107 110
train/AxZKjiG1QJA 138 78
train/0JHFaCl9Zb4 179 123
train/CDim3TCH2Eg 320 136
train/j-bwhTYw79A 111 16
train/EZFi2fKfAJU 61 112
train/wXgmMp2ZFtE 172 2
train/Hmr4qedR530 61 98
train/k0c1tJ81__Y 235 84
train/ef_6MGVKcBc 38 114
train/8LPk6N-vyqk 164 140
train/6Zs4rJ063LE 325 84
train/jqPcOWVLsuc 61 69
train/PeVsOR13XT4 185 100
train/sbXMFnRx7f0 181 62
train/Nu_v1gMxneM 175 84
train/xMVIz03eJZA 171 94
train/DOSC8lyBQwE 141 98
train/S9VQ9KD8HQE 16 53
train/BUN8-_XSIKE 283 81
train/4AEFabYI1Do 363 20
train/myiczmceujo 168 110
train/OFSeUj7Rrt4 235 57
train/UhTM8wV_ndo 109 172
train/Saj6JSFn2gM 269 14
train/GLa2slWDW-Y 41 145
train/I1qZr0RI73I 107 71
train/DwmYLxUddzs 212 173
train/8P5Z-WYKcfE 163 57
train/oUFez-3nc8o 75 141
train/HboOaCp_vuk 337 43
train/XmZKgV0mceA 51 49
train/HNXSUoDnsRs 52 142
train/_5KOIYFtCL4 198 48
train/ngPMzQrWGsI 43 82
train/jIhjfVZSPxo 277 147
train/CAqC06p-BsE 169 70
train/qpzto_JJ3w4 304 101
train/z0-Omt-naMQ 66 48
train/1hSLFvhVEKQ 123 75
train/rtLqqghK5H4 205 163
train/qleM2sCquEI 270 178
train/TerjMORHpsU 280 95
train/avK12DUjoYM 61 25
train/H40Q2xP6pIg 57 100
train/Ts8eLBZsA8s 86 172
train/rbROOv_axBo 159 175
train/3RrjtIh7xIM 41 146
train/2HoHMmqiXyc 109 37
train/gWylMsz4u6Y 86 90
train/ObN2SJjKwq0 42 68
train/tsiaGl5DpgE 67 146
train/1OljFzILUzY 67 75
train/nyO6slSmy98 343 84
train/6DSBZOzg7Tw 85 107
train/-AaOr1DI2no 55 114
train/HJ7dZJ1Facc 145 91
train/aCqNm-B2WFs 41 166
train/fOpifqZrKjY 228 5
train/Oclt_jgq7po 67 143
train/DIrSB5SXiKM 247 128
train/lUUe0FSfgCI 163 11
train/55FwW9iFaiw 260 54
train/PLywILdm3SY 35 100
train/2th3FDY1RB8 260 73
train/oPHN95g9Ubs 61 47
train/HdMySXbpYdk 84 98
train/IznjZodU4yI 318 72
train/wg8_RGsmCqI 259 84
train/RI5m0dsINeI 325 146
train/9sb9NIU1ZTs 160 104
train/osSPYZ6qojQ 112 5
train/YRZQ4-2NuBM 276 91
train/VPse7UE2MvA 163 85
train/LJSGb3QfQqc 330 104
train/9_abxRMgRyI 116 83
train/KxCvyYDnwyM 39 38
train/IqptsH7X4RI 330 76
train/etRPk2qzGFo 290 57
train/40cLWFtx2JQ 132 127
train/qOQw9cy4VgQ 220 57
train/c2mq3WTwrjE 56 162
train/FBKxAtpxIok 241 163
train/f-V01PmnSRI 332 60
train/ihcAuBnI0mI 163 87
train/k2-_OloTOHs 145 147
train/Ln5vXWXihyI 205 95
train/SnO1EkYEJSw 323 35
train/gRwbb5wfcsY 101 130
train/HASpWpyM4cY 63 64
train/NE3CVgS27ZA 89 144
train/0bQdDKh5HUo 208 134
train/E5VgPboSFcU 166 93
train/i9xcFIeEgyM 35 20
train/BlTCkNkfmRY 177 139
train/j9oP5QifQjc 120 27
train/XbbiNXzmqIo 127 45
train/3oToBWfpVbw 109 107
train/Arm5fAIDVCs 320 84
train/KQ8285hsHrk 339 45
train/szys1TuPTaY 191 15
train/-23oWQn1J0g 209 116
train/bm_5zBYfUUE 138 116
train/8n-1eHpnf5U 24 6
train/u3RoXTKY1BA 157 51
train/l27LLdV0c8o 108 133
train/Ct_Qpu0d9ag 16 53
train/rwG35UklF4c 234 5
train/DRWMUsADKFM 227 105
train/Tgkxo6GginA 310 107
train/1Hc7S5S-Knw 159 62
train/a-sJl8jmFfI 116 96
train/TdVqRXI61iU 136 148
train/ydjx-lIGiYo 265 5
train/v7gdgtYHxLs 93 151
train/ZTNOaVd67kY 154 4
train/A129SM9S54A 281 17
train/UPc6GDeFz4A 291 139
train/4fxQr2j0718 51 176
train/d4fTypaAC2M 175 5
train/QxE_dT8ZoZs 290 46
train/OCMOx6UbMnk 162 140
train/sEgoXK85lTw 73 111
train/Syrk3ka3RaM 24 75
train/d5DWrXkHPMA 51 16
train/4LaX6XbMr2g 46 68
train/gXS4pegAnN4 95 25
train/ZqSQH-Onnos 102 16
train/3t8IOZxPVik 58 5
train/PVQHQMwSJ_E 216 140
train/EtU2f0qrGrY 390 135
train/z6FkPnpIAX0 174 169
train/t_uVDV6D8vQ 330 84
train/1Qj6rVtz3gM 93 170
train/lMfcRikzH90 322 5
train/6QKO57pxbKo 30 46
train/SmViN2gUww0 203 94
train/oujAFYHRWIE 82 47
train/_XwCsVbawNc 102 24
train/FOrirVpf4rY 38 47
train/poU3U-WQvgQ 169 145
train/fVNPJNxFxJI 120 130
train/gOvFK_r_GpQ 247 6
train/1KQDjO3h9ts 217 170
train/bIHYfCxhLCo 67 163
train/Z6ss0t-DcpE 164 50
train/rC6-VuQ-3hA 162 92
train/CeOuPkUSqw0 224 0
train/MydKeLuV3ns 161 11
train/X7OczubwBCo 90 35
train/hgHM_5xKJmc 138 42
train/mjF-6IQaQ0U 274 163
train/TL4m0Vb3Xi0 150 28
train/BeIQzBfdf3g 78 107
train/7JckphIrNls 92 144
train/EbLo7b2APXU 37 4
train/wP2YPdpzdI0 226 41
train/IwmIqJgJr2c 260 93
train/H9ZGgcsCUwM 162 9
train/bTm5BU2pf1k 239 108
train/pwizQ86UKwE 318 104
train/_8Ztb78cRCA 148 94
train/EVAVs0R7cOQ 189 89
train/XL5h9-iGie8 109 39
train/2i3TEdL3rlc 67 78
train/3fVQweOoeYc 278 172
train/2NfeMsTropg 121 19
train/6Uip8riRXSo 69 119
train/Wu5e-dZL3m4 241 47
train/RBXOhuTY088 204 124
train/U4W-TC3D1e8 163 70
train/7hDNja296aU 259 24
train/Kv6RqrBboKI 225 2
train/KjHOvpOLhUQ 111 174
train/a9d6bmS7doE 63 47
train/zAc-v3Nkv9M 20 65
train/wKo1-YH0fhw 148 91
train/zssX1wYLITs 65 138
train/fFVyzXBs1kQ 264 119
train/aDC3NmjS_Tc 13 155
train/QXoKNHfP5fI 41 168
train/CynrNWQ3SY8 65 155
train/TKZgafg06Xc 38 68
train/XMW_lDKHXrc 60 54
train/T7lzTypUR9Y 260 48
train/cVH3hQnBVqk 153 85
train/b2YcHzj1eLU 148 77
train/5HYSM87j-m0 379 166
train/YNOmlPGREf8 277 107
train/7Po-i3Eds3I 80 102
train/_ONRAEcQsqw 175 167
train/qjIbgEiX8eQ 29 74
train/VG-S-Vv3SpE 53 15
train/gtLKPiiH8Lg 24 47
train/CNahxRg9QEk 138 115
train/yL4hrlzwHDA 171 40
train/mNhyufrdeE8 109 8
train/S3ztYZUaPKU 188 64
train/9AJcrzQ13xU 35 172
train/BAqz6GzqYSg 298 98
train/Z4m-vQXUOgs 197 0
train/wsyVKL8RiSc 120 130
train/gN_V1O-prr4 132 34
train/MgnlldG7mgM 226 92
train/MRXiiFSoziI 90 34
train/OGf1AHcRnAo 370 133
train/8spdWaXXc4A 91 124
train/paTpO2mnDEU 132 84
train/yTFYQ86eyGA 110 38
train/TLFDzk-kZH0 165 0
train/1AcNCeOSzgU 262 95
train/nUjegNxvsDk 165 63
train/1kGlNzJ4lqY 117 171
train/jDZ4qnc-8-k 153 127
train/kXfcOBU58ko 78 46
train/pMDFkrK0KRc 244 3
train/eRS7ZTqj3Eo 385 110
train/Y3nuiqts0Vw 132 78
train/XBtix7KGb4E 255 1
train/REyTwGgUQKM 89 127
train/xLA_XpA6KPY 254 115
train/ozC9fE3cS7w 198 134
train/8j-i7NFqlpk 173 80
train/RqkydOq9sz4 90 51
train/ZVj2ATeKXiA 64 54
train/vliLOAp3qCw 227 72
train/4l29kA5aTAw 172 36
train/anbFztgUtD0 159 143
train/AMbcSsoNNdA 190 154
train/yNK2RNDW6Ow 146 152
train/Iu7FPzot5qw 139 121
train/ayTcFwXNOuM 166 131
train/p8n35P7zn9U 304 59
train/fS3REUWFByI 54 124
train/haQgCFIw4lk 82 98
train/TrCaN_5LDW8 224 148
train/VKaJ4G29Tnc 171 117
train/QDkQWocz8pY 68 29
train/X7-1DRvX-LU 336 105
train/AAZZu8xEuoM 179 30
train/fmt3iK0RzM4 154 70
train/zujLQtJSTMk 51 70
train/qQ2V9d4nE18 42 12
train/wZ5ThPWPCXg 148 170
train/IOOTOchKFpc 170 139
train/5Iv6cCeWfVY 299 79
train/Kn-n9msrzuc 80 68
train/Jcgo0ByLo60 134 57
train/S2gWY6zBcR0 144 138
train/U3lClVS9VyI 166 82
train/Sv0L6bHWXtY 230 141
train/RFlrHGhj98Q 94 164
train/uTVjevTM6V0 165 157
train/RgnmtOVHV3I 127 169
train/5V7UteijXmA 172 164
train/eWYSTcPthEI 74 162
train/DBtvag0xp4I 156 170
train/4juMYBSh5IE 127 95
train/tLRep5hD9eM 138 129
train/9rGUZQrYyrE 229 0
train/yGkbfdqUJ04 67 173
train/Usx9P0B20Wg 85 111
train/0-uZFefY80A 85 114
train/TZDdcKXLg3Y 160 32
train/zG2prPgT7n0 135 83
train/T-IXdrakmYw 235 60
train/4XUBiNEetc4 179 17
train/An4e0wQYtBM 57 14
train/KAe1jGYFoU4 82 57
train/elywA5BSVV8 315 154
train/gGYLKPM0hlM 127 94
train/bW97Wdp0zOg 55 145
train/mqxaT9TMssk 180 2
train/74qA-iymK9c 226 108
train/SP1ksIdMT9U 195 143
train/DzL_C30n8PI 184 176
train/Tt8QA-vNnrs 141 21
train/9W-m-owPrJI 98 19
train/suJoVG6w22A 271 178
train/Rd6PGl4Rlps 140 22
train/ua3bk05GUK8 147 166
train/jZ_BTVBRgac 172 115
train/IX_QcY4kwLk 51 47
train/cOZypN7wVZg 123 77
train/QpNHyWkpx00 83 119
train/T94VT1haUuA 265 89
train/8ZNoINKn1KI 150 170
train/SgIyPHcIrWQ 131 130
train/w3eKEaYARoA 239 64
train/_O5UZ_zkdIs 154 89
train/WusjeVKphq8 164 150
train/TBVipz-A6G4 233 99
train/PJjqk-bFgig 166 114
train/LYfUb8x9Ksg 185 56
train/ahgSlwYC0r4 340 15
train/s_WKsDI5ckQ 212 126
train/0viw7hvm_0A 202 141
train/ny6w4coCLC8 197 132
train/i_3EvG8JvzE 231 149
train/_6TyXxLWYd0 51 148
train/YXdYQlGonRw 51 58
train/jwmgd4lBGAE 90 68
train/LSSUaZ19INg 111 167
train/iXRhbOqVtJE 112 100
train/XwwRhWjtF2M 265 74
train/prn_VzXSpOQ 295 16
train/47L1Ab1rRgA 198 116
train/rzmOI7fTALY 319 171
train/QZHnYphac_s 41 63
train/X-nmscI7lIg 163 36
train/SvAuKcwH4_w 104 40
train/yadG9fBcgsc 308 168
train/TDm3IX_0gLQ 53 75
train/7teOArtWwsg 179 26
train/OxEZDHCoVoc 60 162
train/K1GO7uftay8 39 83
train/C9i4OWnPGQM 397 163
train/eOyjFc0Utw8 251 150
train/bFHlfI5ZNd0 296 40
train/YiQua1s4AMM 135 102
train/28aidIF86M0 191 100
train/t0oR7etWmVA 114 144
train/GsntT9FN88I 134 21
train/YST5YEkQaWQ 94 5
train/CSx02EdWs2w 178 110
train/NpjkY9Z7Kdg 158 56
train/6HoaLS_vh84 268 64
train/ma6wRkp6ZoU 47 28
train/HAjQnCz-pac 120 177
train/9O63JaEPrTA 59 8
train/QJd9Xv4pVQY 706 113
train/z1Cp9F70Alg 132 4
train/b4Wf_wHJ8_8 197 50
train/mtdxJ0HHj4s 332 92
train/qvXWrZKm0QM 260 137
train/KI4MxL7gyko 68 99
train/6EBLvjx2QEM 66 21
train/jRZTCw64OXM 67 92
train/qSiUoq57wfA 78 25
train/gFJBo8nD7m4 176 5
train/lNHvsKCqd88 162 176
train/ecDa94GMglE 109 6
train/9btDaCi3IWg 191 164
train/5Pa79r5Q-ZI 112 144
train/IV6Oe-ToLHk 166 64
train/phWsbrzoq5w 32 78
train/0UcBldDI0RA 151 80
train/cvEA6wUlsL4 51 60
train/LvS1UnFeoq4 156 87
train/hDbjJcUCLVc 264 78
train/J3McxGgf-Mk 150 143
train/m3o5EO7VZXw 178 66
train/C3-FpJcU5_w 55 14
train/Mx3QXuZkWkU 142 168
train/JS_qK6tjKq4 26 106
train/xsrEW6KI4LM 53 74
train/SvXAyuyAw-0 51 117
train/03vk5xNLXbI 294 87
train/LuNAPo2B_7c 147 78
train/i4iEgXRBojA 163 47
train/kdGo1ULpUuE 166 177
train/YHPT-Bio8qg 162 43
train/MAKJU94X7Cc 86 35
train/qJ8a5IIF19c 60 83
train/g6ufqjtFlxM 41 53
train/HWTG2f-dtBE 42 6
train/ErBpU4Fc2pY 132 3
train/SIEVpsKNhrg 28 51
train/UlkBxqXA2qY 174 123
train/SKrvdiVHOic 35 140
train/LFpYloCY7ZM 114 91
train/YPfD7m0I-2U 235 44
train/Ahvq03T-I6Q 164 108
train/8A7EgAMqXnU 101 151
train/rKvcftKDIoM 286 9
train/e4VJzQD90E4 86 28
train/o_tLrN3P7wE 206 39
train/Fsn_hUPDtTw 243 61
train/vg6m6QcGaR8 38 130
train/XD5GZYjtGek 550 113
train/uzPHwCfxZDY 139 5
train/zm91yMTJ_T4 286 66
train/772crkNEQsk 57 155
train/_5mQk3w-SpU 52 63
train/wIqzHdx_ALA 35 121
train/brdVPttHMdA 340 85
train/rzcAIb5JcXo 123 94
train/Xw4e4TnDULo 24 91
train/jfeXJMqNQR0 81 19
train/1koOxG1zAvs 126 134
train/TNRjW47FWfc 131 133
train/wxH2a5qmKL8 157 89
train/aX01rWlmYJE 56 103
train/zrX5TsNvjcY 200 137
train/9RU8WVphfS0 67 97
train/J1iJgCTMBFk 259 114
train/IWHN3TD8mMQ 64 151
train/JXGph1MCrj8 167 24
train/gJOESfkjfZU 78 96
train/IvXuM_tPU38 248 79
train/z8yUDwj49AA 159 27
train/P2AGzJjJViI 127 25
train/4sPA6kkuuMw 108 148
train/Pdj43fQFiPs 138 17
train/xW09r26n_vU 51 58
train/vusnlB3_D5g 134 31
train/G1Yk8ePDt0s 105 124
train/2Rpul30R9C8 141 29
train/Pvulv6EKCkk 121 5
train/DtJXQ8hHCqs 138 55
train/NFjxsiWG1lo 109 32
train/r6fA8MA7hWM 340 111
train/Jdi946Bfw4Q 92 142
train/Upb30_VhYwA 69 178
train/L-PR8XR9FMI 285 122
train/sCMGsKldY4M 184 22
train/8wgdzPpbgLU 86 162
train/DgY8_2W-bPU 163 107
train/VZ-RSErogm8 173 122
train/LO2-kyYoMds 267 138
train/7uYa0z6m5eI 87 164
train/W23fBHCpPJQ 50 151
train/SUvRM1pcG3k 98 124
train/idSdnubrlds 25 159
train/f3ctblgIZSQ 169 130
train/WIqZx1QasTQ 56 87
train/g-w7azKMQMY 132 54
train/7PtShSEkpxw 251 15
train/i2EszO-ozMo 208 125
train/7bl93fdDbE0 51 49
train/DOOwifJ-ppA 75 6
train/OG6sq-qz9TM 192 152
train/lhofN6N2PLg 250 110
train/yW-RnD3AIMg 143 127
train/ZT5cW5hPQZk 85 83
train/yM_36X_wOHs 132 116
train/9aOA5_NwMSA 123 117
train/Oi7weI8HFN8 290 88
train/P1OuArzyUl8 163 126
train/eAGcdj2w-5A 174 93
train/yJlipxO1S4U 75 149
train/6QXhWrW38ko 339 94
train/K-yCREtC1W0 84 22
train/5Du25kU8214 216 62
train/xfjM3fGgHGY 116 18
train/KAnBRysoEN0 237 119
train/0siIuxPtRN4 57 128
train/RQ4oktrWVmk 102 6
train/0n30hPuIfhM 178 71
train/wUQ4DHrvTrc 174 141
train/T3U7Tqc9ojM 63 22
train/KAD8cx_ARrQ 616 49
train/sI3KAG3HHjw 50 23
train/FjAn21prEJw 198 98
train/6BznxVbcHXU 198 66
train/ZrQbE8W7NwM 28 58
train/g7Y0zsDFovY 105 96
train/CyXU2_ED6pg 219 59
train/fSyosDDOl8A 109 134
train/IZykuqhXVhY 283 96
train/zZ7airUkvfQ 163 7
train/QKYP-USDVp8 155 80
train/gEAhGhy5pug 93 77
train/ZoFtCE6QZEk 53 74
train/ZZlBqkVbRaQ 119 143
train/4WqM2emdyak 41 73
train/rV5vgk2Mt3I 711 49
train/GCVNW7KeQzc 163 29
train/ZiPRZEGa-ZE 119 48
train/cHp-KxL8Vfk 78 81
train/kqrMRecAibI 93 40
train/jZJJlv9NRFk 263 134
train/_d-jrpZHWZs 169 98
train/-LhNzREgSIU 18 68
train/PLx2FSx2ldk 140 147
train/fl6koHeJ7mw 209 127
train/CXC7r-fSOt4 191 163
train/efCOedozIyY 322 42
train/aU35ioqiJmA 80 68
train/yoGSitkVwjM 342 64
train/3RAIDokaxEw 117 28
train/RU8rA3uIzps 511 49
train/U9zLvOQ5PxU 170 141
train/B8Ol1ac9TtA 147 139
train/kAGfYx2tKfk 28 73
train/l-cYzKNiVU4 107 115
train/TiDNVy5WDd0 142 130
train/SjcR9qgPEaQ 370 16
train/sMcgyyjAy7U 257 19
train/nO9n_GYSDAc 321 174
train/806QkI8fC9c 120 78
train/N01aqHNnTxQ 165 148
train/ijC4QESrnDA 256 114
train/JNE60apkUz0 111 6
train/NrugvefxR6E 322 149
train/6_qzjX_LD2o 320 102
train/Obsrh7o-xpk 46 123
train/mB8t2JfL2XI 54 47
train/gOAu_ZXCaNg 96 73
train/fP-2TGlNo50 255 122
train/4MhzKI4q5FE 61 148
train/sVzfHCVtwvk 222 81
train/GfMay34dUh8 146 39
train/nyRjNfDKQw4 109 127
train/iq1RmBaTSUU 122 167
train/RpOkHt8U7_E 68 168
train/1N_72XJt5cw 89 122
train/Ln488ZnyKGU 76 150
train/OnNEbzVMKT4 128 83
train/WhiBSo0LxF0 133 105
train/Bi2fITIKOJg 304 42
train/U8B34ZMuXMU 270 113
train/jlZvtJwDaGk 161 158
train/ebtYzHZRb08 245 153
train/5Vi99Z3F1F8 75 115
train/oNF9uZ1urpE 127 106
train/dQDRI349j_s 161 111
train/5FAYMLlzVKs 211 49
train/EUA2reDl5FM 115 135
train/4gz6v-CbrE8 74 35
train/m738A6P0d3c 34 31
train/8Jq-rYAbzsE 195 145
train/Lzv6tsN0sIg 126 170
train/Lnsdhsv-z4Y 227 31
train/uINSHRPjc_w 218 140
train/ZlBu-3xzzm0 61 151
train/yhlt15F1NGY 133 47
train/wd80hgf904M 106 16
train/FJi1LhJ_qgI 134 119
train/fF8Bznm6ZHU 225 115
train/81a0p96I29w 57 12
train/TNi4lnQpCU8 81 146
train/1Qygb3v62NI 150 122
train/iy3RjoCu2B8 24 31
train/PjEibgmeWB4 157 149
train/OxNytygZd7I 336 87
train/xLJ0MQaFUsQ 178 153
train/qmKf7ohaX_U 164 103
train/LwE9yeJHI9k 117 39
train/10B41b6S2LE 58 102
train/Hfq_e6HBZq0 373 27
train/IH5XVmBFYh8 260 8
train/XPtTI2WywME 52 94
train/8X5nHkfpOS0 93 19
train/e7hskFwpEKw 135 85
train/_KfYz87DMtQ 143 104
train/jwtZ6iYYtCI 73 11
train/yEyQQaFyhxI 283 140
train/5XDnQqVTtbY 164 143
train/JJaJy2F_YEw 113 124
train/SC399UUm0aU 103 134
train/W1f6SeK7eVE 761 160
train/d_7syqI2MzA 127 109
train/6K1sO1Lvlzg 231 54
train/DQS7an5cyK8 31 23
train/KPfeD5aqQCY 119 145
train/foa31CK3syQ 111 127
train/xTf6791YLwk 48 144
train/Hz7jQ2IJ7kI 12 51
train/xLWv8KaVv50 160 173
train/fMCWIeqH7VA 249 87
train/85epLnOqzCg 88 10
train/ZhtU3IoDIpY 352 102
train/uW-ZvT5n1NI 192 101
train/7cBJQzv532g 120 129
train/GElj8LAkOK4 41 167
train/aUOr9ChG9jU 18 129
train/RDXlHJW8ptY 48 119
train/wTAKaUDWAvc 129 121
train/8rQBQnwxY5o 162 119
train/XiUQyG7F2_E 141 88
train/jnmPUb3DhHk 87 82
train/vUrL21sV_R4 53 156
train/O04RHeVJwdA 247 89
train/txLvUS_dpA8 385 84
train/dhop3nJWueQ 221 117
train/Z69U7zrJva0 173 163
train/glP8yblPH3U 255 100
train/9_XF9yBQjRY 201 167
train/yt8YlghtRJQ 184 157
train/h1vSGB13k7E 238 20
train/-Tiv4Ua1rFQ 280 115
train/RpqvxkFlxuc 197 46
train/WfLep31Icz0 299 89
train/53ddQTXZh_4 152 57
train/mnr485IKPcs 99 83
train/bicimOmExtE 212 49
train/UERxwECKSU4 55 105
train/xfZm_mahF_Q 85 135
train/jgG1uCFr2Vg 88 153
train/jTZ27fN0lFQ 213 123
train/FwBlKoFNf2U 162 149
train/i8NJo7jYnV4 147 89
train/ad5QOYLt_cI 234 139
train/vrPVm_PyJpQ 135 105
train/1JDVou_lpcA 215 41
train/QbmmdFC0pWg 350 33
train/EvV07kAttIc 155 85
train/I2WZpi5Yz8s 262 123
train/yDX3MC8MKiM 135 24
train/GLbsSJCKOig 273 11
train/Q-5KFSENNyY 177 40
train/NmS9XtpkX3w 313 111
train/Tm4VgHyKUbs 157 86
train/3i_thr56AjI 255 14
train/V52yaEJo4bM 139 104
train/cCw9x-dpUIA 279 118
train/NpoWVzLA8lQ 123 103
train/k4YRkDv9axg 152 165
train/pcuisNDOjPY 255 139
train/fAFttWrTEjM 39 18
train/9BDy-VojoNc 81 136
train/1ViHD169Edo 106 133
train/wo7TmpxMvfA 138 96
train/Ps5KYeld6i4 360 159
train/o7IT8qeqHSQ 158 0
train/kbZja9mbDX8 35 153
train/lslpSsliWW4 228 136
train/1j5oDriIuIA 217 111
train/D1LsYybuqJ4 345 109
train/BNXqv8lvGqU 47 10
train/OHznE5iM0Vs 171 47
train/NhU3rz6oywU 72 7
train/DZTB49SJ6qY 179 168
train/t8E2r7TCxo4 235 58
train/6sS3zp1jWxY 134 57
train/v5iyykGWp6E 319 92
train/UXs5WOmX5DE 229 163
train/B2RspvBSbr4 165 40
train/Sx1vjiXkZSo 258 137
train/xK-ol4Oth1Q 295 148
train/AsCL0XtB60o 157 17
train/YAIPbB8wn1k 50 71
train/ZyvhnHzfGac 166 77
train/_8OJPszhlTQ 52 47
train/e3E-kB2nv6Y 45 126
train/00OHyGx6n2Q 324 110
train/1qAKwHs-xJc 68 53
train/fmqEYrXybtI 298 31
train/c99sF5ZMPGI 116 116
train/DTQD8mX8Tz4 188 94
train/ZwO0evmhl-w 100 132
train/s7kOmazIKMc 99 19
train/TQMIWkG8Dko 240 2
train/JTQYU9gJUKc 105 172
train/MEm97l7tP3M 184 40
train/yoQ9PhhJZAU 93 111
train/LzyIN8kEToo 83 168
train/mweMu0mrVqE 106 66
train/eXmAzsRQi9I 166 7
train/8ofRqeu4qpE 79 4
train/0JdU5FDPC4A 60 78
train/tbz-RbXQQbY 236 123
train/-1cUDe-mecw 136 43
train/un0Rm3m5hfs 23 13
train/p_LfcDPJ83A 204 148
train/WOUd_Uby52U 287 89
train/BTpv_nPCtuQ 247 140
train/moaD22jhXo0 264 141
train/1fjtLFzKDAU 173 105
train/THQqd-8VEsw 132 106
train/y5Z2DqtehGM 198 21
train/4_5XRtGKo4E 75 162
train/Lg8bOvZo4xs 89 22
train/g9oxDxDN_j0 77 103
train/4FflIEjWGT8 164 150
train/b_QfUJI3njI 280 111
train/Gwrkk4C4Jvo 48 106
train/cFoQEMHTnNM 140 98
train/nHTMpCc2H4c 23 120
train/i2JWkDyg26A 136 17
train/pw-MSNdL8wg 244 111
train/5-B1G49Lphg 126 73
train/sihsbOzMM_s 329 0
train/Kx4Zxw9sU0o 203 140
train/EINF16JSII0 197 48
train/v9T44MVu4Xs 265 110
train/D_yfNjtAu3Y 145 25
train/5A3ePw_Uo3I 260 73
train/l2LYj6WhzII 209 98
train/wW2iJizDVsA 237 170
train/WIElCzEBVRw 16 90
